01	1	1	2	3	3	28
01	1	1	1	3	3	28
01	1	1	2	3	3	29
01	1	1	1	3	3	29
01	1	0	2	3	3	46
01	1	0	1	3	3	46
01	1	1	2	3	3	27
01	1	1	1	3	3	27
01	1	1	2	3	1	2
01	1	1	1	3	1	2
01	1	1	2	3	2	26
01	1	1	1	3	2	26
01	1	1	2	3	29	6
01	1	1	1	3	29	6
01	0	0	2	3	27	47
01	1	0	1	3	27	47
01	0	0	2	3	2	37
01	0	0	1	3	2	37
01	1	1	2	3	1	1
01	1	1	1	3	1	1
01	1	1	2	3	4	34
01	1	1	1	3	4	34
01	1	0	2	3	2	5
01	1	0	1	3	2	5
01	1	1	1	3	17	36
01	1	1	2	3	8	44
01	1	1	1	3	8	44
01	0	0	2	3	3	55
01	1	1	1	3	3	55
01	1	1	2	3	8	63
01	1	1	1	3	8	63
01	0	1	2	3	1	66
01	0	1	1	3	1	66
01	0	1	2	3	1	67
01	0	1	1	3	1	67
01	0	1	2	3	1	65
01	0	1	1	3	1	65
01	0	1	2	3	1	70
01	0	1	1	3	1	70
01	1	0	2	3	10	72
01	1	0	1	3	10	72
01	1	1	2	3	15	15
01	1	1	1	3	15	15
01	1	1	2	3	8	62
01	1	1	1	3	8	62
01	1	1	2	3	2	3
01	1	1	1	3	2	3
01	1	1	2	3	2	4
01	1	1	1	3	2	4
01	1	0	1	3	29	71
01	1	0	2	3	29	71
01	1	1	2	3	3	56
01	1	1	1	3	3	56
01	0	0	2	3	2	21
01	0	0	1	3	2	21
01	1	1	2	3	2	7
01	1	1	1	3	2	7
01	1	1	2	3	5	35
01	1	1	1	3	5	35
01	1	1	2	3	8	8
01	1	1	1	3	8	8
01	1	1	1	3	3	53
01	1	1	2	3	3	53
01	1	1	2	3	1	77
01	1	1	1	3	1	77
01	1	1	2	3	2	78
01	1	1	1	3	2	78
01	1	1	2	3	8	79
01	1	1	1	3	8	79
02	1	1	1	3	3	53
02	1	1	1	3	8	8
02	1	0	1	3	2	42
02	1	1	1	3	5	35
02	1	1	1	3	2	7
02	0	0	1	3	2	21
02	1	1	1	3	3	56
02	1	1	1	3	2	4
02	1	1	1	3	2	3
02	1	1	1	3	8	62
02	1	1	1	3	15	15
02	1	0	1	3	10	72
02	1	0	1	3	29	71
02	0	1	1	3	1	70
02	0	1	1	3	1	65
02	0	1	1	3	1	67
02	0	1	1	3	1	66
02	1	1	1	3	8	63
02	1	1	1	3	3	55
02	1	1	1	3	8	44
02	1	1	1	3	17	36
02	1	0	1	3	2	5
02	1	1	1	3	4	34
02	1	1	1	3	1	1
02	1	0	1	3	27	47
02	1	1	1	3	2	26
02	1	1	1	3	1	2
02	1	1	1	3	3	27
02	1	0	1	3	3	46
02	1	1	1	3	3	29
02	1	1	1	3	3	28
03	1	1	1	3	3	28
03	1	1	1	3	3	29
03	1	0	1	3	3	46
03	1	1	1	3	3	27
03	1	1	1	3	1	2
03	1	0	1	3	27	47
03	1	1	1	3	1	1
03	1	0	1	3	2	5
03	1	1	1	3	17	36
03	1	1	1	3	8	44
03	1	1	1	3	3	55
03	1	1	1	3	8	63
03	0	1	1	3	1	66
03	0	1	1	3	1	67
03	0	1	1	3	1	65
03	0	1	1	3	1	70
03	1	1	1	3	4	34
03	1	0	1	3	10	72
03	1	1	1	3	17	17
03	1	1	1	3	15	15
03	1	1	1	3	8	62
03	1	1	1	3	2	3
03	1	1	1	3	2	4
03	0	0	1	3	2	21
03	1	1	1	3	2	7
03	1	1	1	3	5	35
03	1	0	1	3	2	42
03	1	0	1	3	2	26
03	1	1	1	3	8	8
03	1	1	1	3	3	53
04	1	1	1	4	3	53
04	1	1	1	4	8	8
04	1	0	1	4	2	26
04	0	0	1	4	2	7
04	1	0	1	4	2	42
04	1	1	1	4	5	35
04	0	0	1	4	2	21
04	1	1	1	4	2	4
04	1	1	1	4	2	3
04	1	1	1	4	8	62
04	1	1	1	4	15	15
04	1	0	1	4	10	72
04	1	1	1	4	17	17
04	0	1	1	4	1	70
04	0	1	1	4	1	65
04	0	1	1	4	1	67
04	0	1	1	4	1	66
04	1	1	1	4	8	63
04	1	1	1	4	3	55
04	1	0	1	4	8	44
04	1	1	1	4	17	36
04	1	1	1	4	4	34
04	1	1	1	4	1	1
04	1	1	1	4	1	2
04	1	1	1	4	3	27
04	1	0	1	4	3	46
04	1	1	1	4	3	29
04	1	1	1	4	3	28
05	1	1	1	3	3	28
05	1	1	1	3	3	29
05	1	0	1	3	3	46
05	1	1	1	3	3	27
05	1	1	1	3	1	2
05	1	1	1	3	2	26
05	1	0	1	3	27	47
05	1	1	1	3	1	1
05	1	1	1	3	4	34
05	1	1	1	3	17	36
05	1	0	1	3	8	44
05	1	1	1	3	3	55
05	1	1	1	3	8	63
05	0	1	1	3	1	66
05	0	1	1	3	1	67
05	0	1	1	3	1	65
05	0	1	1	3	1	70
05	1	0	1	3	10	72
05	1	1	1	3	15	15
05	1	1	1	3	8	62
05	1	1	1	3	2	3
05	1	1	1	3	2	4
05	0	0	1	3	2	21
05	1	1	1	3	5	35
05	0	0	1	3	2	7
05	1	1	1	3	8	8
05	1	1	1	3	3	53
05	1	1	1	3	8	79
05	1	1	1	3	2	78
05	1	1	1	3	1	77
06	1	1	1	3	3	53
06	1	1	1	3	8	8
06	1	0	1	3	2	26
06	0	0	1	3	2	7
06	1	1	1	3	5	35
06	0	0	1	3	2	21
06	1	1	1	3	2	4
06	1	1	1	3	2	3
06	1	1	1	3	8	62
06	1	1	1	3	15	15
06	1	0	1	3	10	72
06	0	1	1	3	1	70
06	0	1	1	3	1	65
06	0	1	1	3	1	67
06	0	1	1	3	1	66
06	1	1	1	3	8	63
06	1	1	1	3	3	55
06	1	0	1	3	8	44
06	1	1	1	3	17	36
06	1	1	1	3	4	34
06	1	1	1	3	1	1
06	1	0	1	3	27	47
06	1	1	1	3	1	2
06	1	1	1	3	3	27
06	0	0	1	3	3	46
06	1	1	1	3	3	29
06	1	1	1	3	3	28
07	1	1	1	1	3	28
07	1	1	1	1	3	29
07	1	0	1	1	3	46
07	1	1	1	1	3	27
07	1	1	1	1	1	2
07	1	0	1	1	29	71
07	1	1	1	1	29	6
07	1	1	1	1	2	48
07	1	0	1	1	27	47
07	0	0	1	1	29	43
07	1	1	1	1	29	49
07	1	1	1	1	29	39
07	1	1	1	1	1	1
07	1	1	1	1	17	36
07	1	0	1	1	8	44
07	1	1	1	1	3	55
07	1	1	1	1	8	63
07	0	1	1	1	1	66
07	0	1	1	1	1	67
07	0	1	1	1	1	65
07	0	1	1	1	1	70
07	1	0	1	1	2	52
07	1	0	1	1	10	72
07	1	1	1	1	8	62
07	1	1	1	1	2	3
07	1	1	1	1	2	4
07	1	1	1	1	2	7
07	0	0	1	1	2	21
07	1	0	1	1	2	26
07	1	1	1	1	8	8
07	1	1	1	1	3	53
07	1	0	1	1	21	33
08	1	1	6	3	3	53
08	0	0	6	3	17	36
08	0	0	6	3	2	21
08	0	0	6	3	2	7
08	1	1	6	3	2	3
08	0	0	6	3	2	4
08	0	0	6	3	8	62
08	0	0	6	3	10	72
08	0	0	6	3	15	15
08	0	1	6	3	1	70
08	0	1	6	3	1	65
08	0	1	6	3	1	67
08	0	1	6	3	1	66
08	0	0	6	3	8	63
08	0	0	6	3	3	55
08	0	0	6	3	8	44
08	1	1	6	3	1	1
08	1	0	6	3	27	47
08	1	1	6	3	1	2
08	1	1	6	3	3	27
08	0	0	6	3	3	46
08	1	1	6	3	3	29
08	1	1	6	3	3	28
11	1	1	1	3	3	28
11	1	1	1	3	3	29
11	1	0	1	3	3	46
11	1	1	1	3	3	27
11	1	1	1	3	1	2
11	1	1	1	3	1	1
11	1	1	1	3	17	36
11	1	1	1	3	4	34
11	1	0	1	3	8	44
11	1	1	1	3	3	55
11	1	1	1	3	8	63
11	0	1	1	3	1	66
11	0	1	1	3	1	67
11	0	1	1	3	1	65
11	0	1	1	3	1	70
11	1	1	1	3	17	17
11	1	1	1	3	15	15
11	1	0	1	3	10	72
11	1	1	1	3	8	62
11	1	1	1	3	2	3
11	1	1	1	3	2	4
11	0	0	1	3	2	7
11	1	1	1	3	5	35
11	0	0	1	3	2	21
11	1	1	1	3	8	8
11	1	0	1	3	2	26
11	1	1	1	3	3	53
12	1	1	1	3	3	53
12	1	1	1	3	1	77
12	1	1	1	3	2	78
12	1	1	1	3	8	79
12	1	0	1	3	2	26
12	1	1	1	3	8	8
12	0	0	1	3	2	21
12	1	1	1	3	5	35
12	0	0	1	3	2	7
12	1	1	1	3	2	4
12	1	1	1	3	2	3
12	1	1	1	3	8	62
12	1	0	1	3	10	72
12	1	1	1	3	15	15
12	1	1	1	3	17	17
12	0	1	1	3	1	70
12	0	1	1	3	1	65
12	0	1	1	3	1	67
12	0	1	1	3	1	66
12	1	1	1	3	8	63
12	1	1	1	3	3	55
12	1	0	1	3	8	44
12	1	1	1	3	4	34
12	1	0	1	3	2	5
12	1	1	1	3	17	36
12	1	1	1	3	1	1
12	1	1	1	3	1	2
12	1	0	1	3	27	47
12	1	1	1	3	3	27
12	1	0	1	3	3	46
12	1	1	1	3	3	29
12	1	1	1	3	3	28
15	1	1	6	3	3	28
15	1	1	6	3	3	29
15	0	0	6	3	3	46
15	1	1	6	3	3	27
15	1	1	6	3	1	2
15	1	1	6	3	1	1
15	0	0	6	3	8	44
15	0	0	6	3	3	55
15	0	0	6	3	8	63
15	0	1	6	3	1	66
15	0	1	6	3	1	67
15	0	1	6	3	1	65
15	0	1	6	3	1	70
15	0	0	6	3	15	15
15	0	0	6	3	10	72
15	0	0	6	3	8	62
15	0	0	6	3	2	4
15	1	1	6	3	2	3
15	0	0	6	3	2	7
15	0	0	6	3	5	35
15	0	0	6	3	2	21
15	1	1	6	3	3	53
15	0	0	6	3	17	36
16	1	1	5	3	17	36
16	1	1	5	3	3	53
16	1	0	5	3	2	26
16	0	0	5	3	2	21
16	1	1	5	3	5	35
16	0	0	5	3	2	7
16	1	1	5	3	8	8
16	1	1	5	3	2	4
16	1	1	5	3	8	62
16	1	1	5	3	2	3
16	1	0	5	3	10	72
16	1	1	5	3	15	15
16	0	1	5	3	1	70
16	1	1	5	3	17	17
16	1	1	5	3	25	68
16	0	1	5	3	1	65
16	0	1	5	3	1	67
16	0	1	5	3	1	66
16	1	1	5	3	8	63
16	1	1	5	3	3	55
16	1	1	5	3	8	44
16	1	1	5	3	1	1
16	1	1	5	3	1	2
16	1	1	5	3	3	27
16	1	0	5	3	3	46
16	1	1	5	3	3	29
16	1	1	5	3	3	28
19	1	1	4	1	3	28
19	1	1	4	2	3	28
19	1	1	4	3	3	28
19	1	1	4	4	3	28
19	1	1	4	1	3	29
19	1	1	4	2	3	29
19	1	1	4	3	3	29
19	1	1	4	4	3	29
19	0	0	4	1	3	46
19	0	0	4	2	3	46
19	0	0	4	3	3	46
19	0	0	4	4	3	46
19	1	1	4	1	3	27
19	1	1	4	2	3	27
19	1	1	4	3	3	27
19	1	1	4	4	3	27
19	1	1	4	1	1	2
19	1	1	4	2	1	2
19	1	1	4	3	1	2
19	1	1	4	4	1	2
19	1	1	4	1	1	1
19	1	1	4	2	1	1
19	1	1	4	3	1	1
19	1	1	4	4	1	1
19	1	0	4	1	8	44
19	1	0	4	2	8	44
19	1	0	4	3	8	44
19	1	0	4	4	8	44
19	1	1	4	1	3	55
19	1	1	4	2	3	55
19	1	1	4	3	3	55
19	1	1	4	4	3	55
19	1	1	4	1	8	63
19	1	1	4	2	8	63
19	1	1	4	3	8	63
19	1	1	4	4	8	63
19	0	1	4	1	1	66
19	0	1	4	2	1	66
19	0	1	4	3	1	66
19	0	1	4	4	1	66
19	0	1	4	1	1	67
19	0	1	4	2	1	67
19	0	1	4	3	1	67
19	0	1	4	4	1	67
19	0	1	4	1	1	65
19	0	1	4	2	1	65
19	0	1	4	3	1	65
19	0	1	4	4	1	65
19	0	1	4	1	1	70
19	0	1	4	2	1	70
19	0	1	4	3	1	70
19	0	1	4	4	1	70
19	1	1	4	2	15	15
19	1	1	4	3	15	15
19	1	1	4	4	15	15
19	1	0	4	5	10	72
19	1	0	4	5	2	24
19	0	0	4	1	21	33
19	0	0	4	2	21	33
19	0	0	4	3	21	33
19	0	0	4	4	21	33
19	0	0	4	5	21	33
19	1	1	4	1	17	36
19	1	1	4	2	17	36
19	1	1	4	3	17	36
19	1	1	4	4	17	36
19	1	1	4	5	17	36
19	1	0	4	1	10	72
19	1	0	4	2	10	72
19	1	0	4	3	10	72
19	1	0	4	4	10	72
19	1	1	4	1	2	3
19	1	1	4	2	2	3
19	1	1	4	3	2	3
19	1	1	4	4	2	3
19	1	1	4	1	8	62
19	1	1	4	2	8	62
19	1	1	4	3	8	62
19	1	1	4	4	8	62
19	1	1	4	1	2	4
19	1	1	4	2	2	4
19	1	1	4	3	2	4
19	1	1	4	4	2	4
19	1	1	4	5	15	15
19	1	1	4	5	8	62
19	1	1	4	5	2	3
19	1	1	4	5	2	4
19	0	0	4	2	2	7
19	0	1	4	5	1	70
19	0	0	4	5	4	34
19	0	0	4	1	2	7
19	1	1	4	1	8	8
19	1	1	4	2	8	8
19	1	1	4	3	8	8
19	1	1	4	4	8	8
19	0	0	4	5	2	21
19	0	0	4	4	2	7
19	0	0	4	5	2	7
19	1	1	4	5	5	35
19	0	0	4	3	2	7
19	0	0	4	1	5	35
19	1	1	4	2	5	35
19	1	1	4	3	5	35
19	1	1	4	4	5	35
19	0	0	4	1	2	21
19	0	0	4	2	2	21
19	0	0	4	3	2	21
19	0	0	4	4	2	21
19	0	0	4	1	2	26
19	1	0	4	2	2	26
19	1	0	4	3	2	26
19	1	0	4	4	2	26
19	1	0	4	5	2	26
19	1	1	4	5	8	8
19	1	1	4	1	3	53
19	1	1	4	3	3	53
19	1	1	4	2	3	53
19	1	1	4	4	3	53
19	1	1	4	5	3	53
20	1	1	2	1	3	53
20	1	0	2	1	2	26
20	1	1	1	1	3	53
20	1	0	1	1	21	33
20	1	0	2	1	21	33
20	0	0	1	1	2	21
20	0	0	2	1	2	21
20	0	0	1	1	5	35
20	0	0	2	1	5	35
20	1	0	1	1	2	26
20	1	1	1	1	2	42
20	1	1	2	1	2	42
20	1	1	1	1	8	8
20	1	1	2	1	8	8
20	1	1	1	1	2	7
20	1	1	2	1	2	7
20	1	1	1	1	2	4
20	1	1	2	1	2	4
20	1	1	1	1	8	62
20	1	1	2	1	8	62
20	1	1	1	1	2	3
20	1	1	2	1	2	3
20	1	0	1	1	10	72
20	1	0	2	1	10	72
20	0	1	1	1	1	70
20	0	1	2	1	1	70
20	1	0	2	1	2	52
20	1	0	1	1	2	52
20	0	1	1	1	1	65
20	0	1	2	1	1	65
20	0	1	1	1	1	67
20	0	1	2	1	1	67
20	0	1	1	1	1	66
20	0	1	2	1	1	66
20	1	1	1	1	8	63
20	1	1	2	1	8	63
20	1	1	1	1	3	55
20	0	0	2	1	3	55
20	1	0	1	1	8	44
20	1	0	2	1	8	44
20	1	1	1	1	1	1
20	1	1	2	1	1	1
20	1	1	1	1	17	36
20	1	0	1	1	2	5
20	1	0	2	1	2	5
20	1	1	1	1	1	2
20	1	1	2	1	1	2
20	1	1	1	1	29	6
20	1	1	2	1	29	6
20	1	0	1	1	29	71
20	1	0	2	1	29	71
20	1	1	1	1	2	48
20	1	1	2	1	2	48
20	1	0	1	1	27	47
20	1	0	2	1	27	47
20	1	1	1	1	29	39
20	1	1	2	1	29	39
20	1	1	1	1	29	49
20	1	1	2	1	29	49
20	1	0	1	1	29	43
20	1	0	2	1	29	43
20	0	0	1	1	2	37
20	0	0	2	1	2	37
20	1	1	1	1	3	27
20	1	1	2	1	3	27
20	1	0	1	1	3	46
20	1	0	2	1	3	46
20	1	1	1	1	3	29
20	1	1	2	1	3	29
20	1	1	1	1	3	28
20	1	1	2	1	3	28
21	1	1	2	2	3	28
21	1	1	1	2	3	28
21	1	1	2	2	3	29
21	1	1	1	2	3	29
21	1	0	2	2	3	46
21	1	0	1	2	3	46
21	1	1	2	2	3	27
21	1	1	1	2	3	27
21	0	0	2	2	27	47
21	1	0	1	2	27	47
21	1	1	2	2	1	2
21	1	1	1	2	1	2
21	1	0	2	2	2	5
21	1	0	1	2	2	5
21	1	1	2	2	4	34
21	1	1	1	2	4	34
21	1	1	1	2	17	36
21	1	1	2	2	1	1
21	1	1	1	2	1	1
21	1	0	2	2	8	44
21	1	0	1	2	8	44
21	0	0	2	2	3	55
21	1	1	1	2	3	55
21	1	1	2	2	8	63
21	1	1	1	2	8	63
21	0	1	2	2	1	66
21	0	1	1	2	1	66
21	0	1	2	2	1	67
21	0	1	1	2	1	67
21	0	1	2	2	1	65
21	0	1	1	2	1	65
21	0	1	2	2	1	70
21	0	1	1	2	1	70
21	1	0	2	2	10	72
21	1	0	1	2	10	72
21	1	1	2	2	15	15
21	1	1	1	2	15	15
21	1	1	2	2	2	3
21	1	1	1	2	2	3
21	1	1	2	2	8	62
21	1	1	1	2	8	62
21	1	1	2	2	2	4
21	1	1	1	2	2	4
21	0	0	2	2	2	7
21	0	0	1	2	2	7
21	1	1	2	2	8	8
21	1	1	1	2	8	8
21	1	0	1	2	2	26
21	1	1	2	2	5	35
21	1	1	1	2	5	35
21	0	0	2	2	2	21
21	0	0	1	2	2	21
21	1	1	2	2	2	78
21	1	1	1	2	2	78
21	1	1	2	2	1	77
21	1	1	1	2	1	77
21	1	1	2	2	8	79
21	1	1	1	2	8	79
21	1	1	1	2	3	53
21	1	0	2	2	2	26
21	1	1	2	2	3	53
23	1	1	1	1	3	53
23	0	0	1	1	2	21
23	1	0	1	1	2	26
23	1	1	1	1	8	8
23	0	0	1	1	2	7
23	1	1	1	1	2	4
23	1	1	1	1	8	62
23	1	1	1	1	2	3
23	1	0	1	1	10	72
23	0	1	1	1	1	70
23	1	1	1	1	2	52
23	0	1	1	1	1	65
23	0	1	1	1	1	67
23	0	1	1	1	1	66
23	1	1	1	1	8	63
23	1	1	1	1	3	55
23	1	1	1	1	8	44
23	1	1	1	1	1	1
23	1	1	1	1	17	36
23	1	1	1	1	1	2
23	1	0	1	1	29	71
23	1	1	1	1	29	6
23	1	1	1	1	2	48
23	1	0	1	1	27	47
23	0	0	1	1	29	43
23	1	1	1	1	29	49
23	1	1	1	1	29	39
23	1	1	1	1	3	27
23	1	0	1	1	3	46
23	1	1	1	1	3	29
23	1	1	1	1	3	28
24	1	1	1	1	3	28
24	1	1	2	1	3	28
24	1	1	1	1	3	29
24	1	1	2	1	3	29
24	1	0	1	1	3	46
24	1	0	2	1	3	46
24	1	1	1	1	3	27
24	1	1	2	1	3	27
24	1	1	1	1	29	39
24	1	1	2	1	29	39
24	1	1	1	1	29	49
24	1	1	2	1	29	49
24	1	0	1	1	29	43
24	1	0	2	1	29	43
24	1	0	1	1	27	47
24	1	0	2	1	27	47
24	1	1	1	1	2	48
24	1	1	2	1	2	48
24	1	1	1	1	29	6
24	1	1	2	1	29	6
24	1	0	1	1	29	71
24	1	0	2	1	29	71
24	1	1	1	1	1	2
24	1	1	2	1	1	2
24	1	1	1	1	17	36
24	1	1	1	1	1	1
24	1	1	2	1	1	1
24	1	0	1	1	8	44
24	1	0	2	1	8	44
24	1	1	1	1	3	55
24	0	0	2	1	3	55
24	1	1	1	1	8	63
24	1	1	2	1	8	63
24	0	1	1	1	1	66
24	0	1	2	1	1	66
24	0	1	1	1	1	67
24	0	1	2	1	1	67
24	0	1	1	1	1	65
24	0	1	2	1	1	65
24	1	1	1	1	2	52
24	1	1	2	1	2	52
24	0	1	1	1	1	70
24	0	1	2	1	1	70
24	1	0	1	1	10	72
24	1	0	2	1	10	72
24	1	1	1	1	2	7
24	1	1	2	1	2	7
24	1	0	1	1	2	42
24	1	0	2	1	2	42
24	1	1	1	1	2	3
24	1	1	2	1	2	3
24	1	1	1	1	8	62
24	1	1	2	1	8	62
24	1	1	1	1	2	4
24	1	1	2	1	2	4
24	1	1	1	1	8	8
24	1	1	2	1	8	8
24	1	0	1	1	2	26
24	0	0	1	1	2	21
24	0	0	2	1	2	21
24	1	1	1	1	3	53
24	1	0	2	1	2	26
24	1	1	2	1	3	53
24	1	0	1	1	21	33
24	1	0	2	1	21	33
25	1	1	5	1	3	53
25	1	1	5	1	17	36
25	0	0	5	1	2	21
25	1	1	5	1	8	8
25	1	1	5	1	2	4
25	0	0	5	1	2	7
25	1	1	5	1	8	62
25	1	1	5	1	2	3
25	1	0	5	1	10	72
25	0	1	5	1	1	70
25	1	1	5	1	25	68
25	0	1	5	1	1	65
25	0	1	5	1	1	67
25	0	1	5	1	1	66
25	1	1	5	1	8	63
25	1	1	5	1	3	55
25	1	1	5	1	8	44
25	1	1	5	1	1	1
25	1	1	5	1	2	11
25	1	1	5	1	1	2
25	1	1	5	1	3	27
25	0	0	5	1	3	46
25	1	1	5	1	3	29
25	1	1	5	1	3	28
26	1	1	5	1	3	28
26	1	1	5	1	3	29
26	0	0	5	1	3	46
26	1	1	5	1	3	27
26	1	1	5	1	1	2
26	1	1	5	1	2	11
26	1	1	5	1	1	1
26	1	1	5	1	8	44
26	1	1	5	1	3	55
26	1	1	5	1	8	63
26	0	1	5	1	1	66
26	0	1	5	1	1	67
26	0	1	5	1	1	65
26	1	1	5	1	25	68
26	0	1	5	1	1	70
26	1	0	5	1	10	72
26	1	1	5	1	2	3
26	1	1	5	1	8	62
26	0	0	5	1	2	7
26	1	1	5	1	2	4
26	1	1	5	1	8	8
26	0	0	5	1	2	21
26	1	1	5	1	17	36
26	1	1	5	1	3	53
27	1	1	2	1	3	53
27	1	0	2	1	2	26
27	1	1	1	1	3	53
27	1	0	1	1	21	33
27	1	0	2	1	21	33
27	0	0	1	1	2	21
27	0	0	2	1	2	21
27	1	1	1	1	8	8
27	1	1	2	1	8	8
27	1	0	1	1	2	26
27	1	1	1	1	2	4
27	1	1	2	1	2	4
27	1	1	1	1	2	7
27	1	1	2	1	2	7
27	1	1	1	1	8	62
27	1	1	2	1	8	62
27	1	1	1	1	2	3
27	1	1	2	1	2	3
27	1	0	1	1	10	72
27	1	0	2	1	10	72
27	0	1	1	1	1	70
27	0	1	2	1	1	70
27	1	0	2	1	2	52
27	1	0	1	1	2	52
27	0	1	1	1	1	65
27	0	1	2	1	1	65
27	0	1	1	1	1	67
27	0	1	2	1	1	67
27	0	1	1	1	1	66
27	0	1	2	1	1	66
27	1	1	1	1	8	63
27	1	1	2	1	8	63
27	1	1	1	1	3	55
27	0	0	2	1	3	55
27	1	1	1	1	8	44
27	1	0	2	1	8	44
27	1	1	1	1	1	1
27	1	1	2	1	1	1
27	1	1	1	1	17	36
27	1	1	1	1	1	2
27	1	1	2	1	1	2
27	1	0	1	1	29	71
27	1	0	2	1	29	71
27	1	1	1	1	29	6
27	1	1	2	1	29	6
27	1	1	1	1	2	48
27	1	1	2	1	2	48
27	1	0	1	1	27	47
27	1	0	2	1	27	47
27	0	0	1	1	29	43
27	0	0	2	1	29	43
27	1	1	1	1	29	49
27	1	1	2	1	29	49
27	1	1	1	1	29	39
27	1	1	2	1	29	39
27	1	1	1	1	3	27
27	1	1	2	1	3	27
27	1	0	1	1	3	46
27	1	0	2	1	3	46
27	1	1	1	1	3	29
27	1	1	2	1	3	29
27	1	1	1	1	3	28
27	1	1	2	1	3	28
28	1	1	1	3	3	28
28	1	1	1	3	3	29
28	1	0	1	3	3	46
28	1	1	1	3	3	27
28	1	1	1	3	1	2
28	1	1	1	3	17	36
28	1	1	1	3	4	34
28	1	1	1	3	1	1
28	1	0	1	3	8	44
28	1	1	1	3	3	55
28	1	1	1	3	8	63
28	0	1	1	3	1	66
28	0	1	1	3	1	67
28	0	1	1	3	1	65
28	1	1	1	3	17	17
28	1	0	1	3	10	72
28	0	1	1	3	1	70
28	1	1	1	3	15	15
28	1	1	1	3	2	3
28	1	1	1	3	8	62
28	1	1	1	3	2	4
28	1	0	1	3	2	26
28	1	1	1	3	8	8
28	0	0	1	3	2	21
28	1	1	1	3	5	35
28	1	0	1	3	2	7
28	1	1	1	3	3	53
30	1	1	1	1	3	53
30	1	0	2	1	2	26
30	1	1	2	1	3	53
30	1	0	1	1	21	33
30	1	0	2	1	21	33
30	0	0	1	1	2	21
30	0	0	2	1	2	21
30	1	1	1	1	8	8
30	1	1	2	1	8	8
30	1	0	1	1	2	26
30	1	1	1	1	2	42
30	1	1	2	1	2	42
30	1	1	1	1	2	4
30	1	1	2	1	2	4
30	1	1	1	1	2	7
30	1	1	2	1	2	7
30	1	1	1	1	8	62
30	1	1	2	1	8	62
30	1	1	1	1	2	3
30	1	1	2	1	2	3
30	1	0	1	1	10	72
30	1	0	2	1	10	72
30	0	1	1	1	1	70
30	0	1	2	1	1	70
30	1	0	2	1	2	52
30	1	0	1	1	2	52
30	0	1	1	1	1	65
30	0	1	2	1	1	65
30	0	1	1	1	1	67
30	0	1	2	1	1	67
30	0	1	1	1	1	66
30	0	1	2	1	1	66
30	1	1	1	1	8	63
30	1	1	2	1	8	63
30	1	1	1	1	3	55
30	0	0	2	1	3	55
30	1	0	1	1	8	44
30	1	0	2	1	8	44
30	1	1	1	1	1	1
30	1	1	2	1	1	1
30	1	1	1	1	17	36
30	1	1	1	1	1	2
30	1	1	2	1	1	2
30	1	1	1	1	29	6
30	1	1	2	1	29	6
30	1	0	1	1	29	71
30	1	0	2	1	29	71
30	1	1	1	1	29	39
30	1	1	2	1	29	39
30	1	1	1	1	29	49
30	1	1	2	1	29	49
30	0	0	1	1	29	43
30	0	0	2	1	29	43
30	1	0	1	1	27	47
30	1	0	2	1	27	47
30	1	1	1	1	2	48
30	1	1	2	1	2	48
30	1	1	1	1	3	27
30	1	1	2	1	3	27
30	1	0	1	1	3	46
30	1	0	2	1	3	46
30	1	1	1	1	3	29
30	1	1	2	1	3	29
30	1	1	1	1	3	28
30	1	1	2	1	3	28
31	1	1	1	2	3	28
31	1	1	1	2	3	29
31	1	0	1	2	3	46
31	1	1	1	2	3	27
31	1	0	1	2	27	47
31	1	1	1	2	1	2
31	1	1	1	2	17	36
31	1	1	1	2	4	34
31	1	1	1	2	1	1
31	1	0	1	2	8	44
31	1	1	1	2	3	55
31	1	1	1	2	8	63
31	0	1	1	2	1	66
31	0	1	1	2	1	67
31	0	1	1	2	1	65
31	0	1	1	2	1	70
31	1	0	1	2	10	72
31	1	1	1	2	15	15
31	1	1	1	2	2	3
31	1	1	1	2	8	62
31	0	0	1	2	2	7
31	1	1	1	2	2	4
31	1	0	1	2	2	26
31	1	1	1	2	8	8
31	0	0	1	2	2	21
31	1	1	1	2	5	35
31	1	1	1	2	3	53
35	1	1	1	1	3	53
35	1	0	2	1	2	26
35	1	1	2	1	3	53
35	1	0	1	1	21	33
35	1	0	2	1	21	33
35	0	0	1	1	2	21
35	0	0	2	1	2	21
35	1	1	1	1	8	8
35	1	1	2	1	8	8
35	1	0	1	1	2	26
35	1	1	1	1	2	4
35	1	1	2	1	2	4
35	1	1	1	1	2	7
35	1	1	2	1	2	7
35	1	1	1	1	8	62
35	1	1	2	1	8	62
35	1	1	1	1	2	3
35	1	1	2	1	2	3
35	1	0	1	1	10	72
35	1	0	2	1	10	72
35	0	1	1	1	1	70
35	0	1	2	1	1	70
35	1	0	1	1	2	52
35	1	0	2	1	2	52
35	0	1	1	1	1	65
35	0	1	2	1	1	65
35	0	1	1	1	1	67
35	0	1	2	1	1	67
35	0	1	1	1	1	66
35	0	1	2	1	1	66
35	1	1	1	1	8	63
35	1	1	2	1	8	63
35	1	1	1	1	3	55
35	0	0	2	1	3	55
35	1	0	1	1	8	44
35	1	0	2	1	8	44
35	1	1	1	1	1	1
35	1	1	2	1	1	1
35	1	1	1	1	17	36
35	1	1	1	1	1	2
35	1	1	2	1	1	2
35	1	0	1	1	29	71
35	1	0	2	1	29	71
35	1	1	1	1	29	6
35	1	1	2	1	29	6
35	1	1	1	1	2	48
35	1	1	2	1	2	48
35	1	0	1	1	27	47
35	1	0	2	1	27	47
35	0	0	1	1	29	43
35	0	0	2	1	29	43
35	1	1	1	1	29	49
35	1	1	2	1	29	49
35	1	1	1	1	29	39
35	1	1	2	1	29	39
35	1	1	1	1	3	27
35	1	1	2	1	3	27
35	1	0	1	1	3	46
35	1	0	2	1	3	46
35	1	1	1	1	3	29
35	1	1	2	1	3	29
35	1	1	1	1	3	28
35	1	1	2	1	3	28
36	1	1	1	1	3	28
36	1	1	2	1	3	28
36	1	1	1	1	3	29
36	1	1	2	1	3	29
36	1	0	1	1	3	46
36	1	0	2	1	3	46
36	1	1	1	1	3	27
36	1	1	2	1	3	27
36	1	1	1	1	29	39
36	1	1	2	1	29	39
36	1	1	1	1	29	49
36	1	1	2	1	29	49
36	0	0	1	1	29	43
36	0	0	2	1	29	43
36	0	0	1	1	2	37
36	0	0	2	1	2	37
36	1	0	1	1	27	47
36	1	0	2	1	27	47
36	1	1	1	1	2	48
36	1	1	2	1	2	48
36	1	1	1	1	29	6
36	1	1	2	1	29	6
36	1	0	1	1	29	71
36	1	0	2	1	29	71
36	1	1	1	1	1	2
36	1	1	2	1	1	2
36	1	1	1	1	17	36
36	1	1	1	1	1	1
36	1	1	2	1	1	1
36	1	0	1	1	8	44
36	1	0	2	1	8	44
36	1	1	1	1	3	55
36	0	0	2	1	3	55
36	1	1	1	1	8	63
36	1	1	2	1	8	63
36	0	1	1	1	1	66
36	0	1	2	1	1	66
36	0	1	1	1	1	67
36	0	1	2	1	1	67
36	0	1	1	1	1	65
36	0	1	2	1	1	65
36	1	0	2	1	2	52
36	1	0	1	1	2	52
36	0	1	1	1	1	70
36	0	1	2	1	1	70
36	1	0	1	1	10	72
36	1	0	2	1	10	72
36	1	1	1	1	2	3
36	1	1	2	1	2	3
36	1	1	1	1	8	62
36	1	1	2	1	8	62
36	1	1	1	1	2	7
36	1	1	2	1	2	7
36	1	1	1	1	2	4
36	1	1	2	1	2	4
36	1	0	1	1	2	26
36	1	0	1	1	2	42
36	1	0	2	1	2	42
36	1	1	1	1	8	8
36	1	1	2	1	8	8
36	0	0	1	1	2	21
36	0	0	2	1	2	21
36	1	0	1	1	21	33
36	1	0	2	1	21	33
36	1	1	2	1	3	53
36	1	0	2	1	2	26
36	1	1	1	1	3	53
37	1	1	1	1	3	53
37	1	0	2	1	2	26
37	1	1	2	1	3	53
37	1	0	2	1	21	33
37	1	0	1	1	21	33
37	0	0	2	1	2	21
37	0	0	1	1	2	21
37	1	1	2	1	8	8
37	1	1	1	1	8	8
37	1	0	1	1	2	26
37	1	1	2	1	2	4
37	1	1	1	1	2	4
37	1	1	2	1	2	7
37	1	1	1	1	2	7
37	1	0	2	1	2	52
37	1	1	2	1	8	62
37	1	1	1	1	8	62
37	1	1	2	1	2	3
37	1	1	1	1	2	3
37	1	0	2	1	10	72
37	1	0	1	1	10	72
37	0	1	2	1	1	70
37	0	1	1	1	1	70
37	1	0	1	1	2	52
37	0	1	2	1	1	65
37	0	1	1	1	1	65
37	0	1	2	1	1	67
37	0	1	1	1	1	67
37	0	1	2	1	1	66
37	0	1	1	1	1	66
37	1	1	2	1	8	63
37	1	1	1	1	8	63
37	0	0	2	1	3	55
37	1	1	1	1	3	55
37	1	0	2	1	8	44
37	1	0	1	1	8	44
37	1	1	2	1	1	1
37	1	1	1	1	1	1
37	1	1	1	1	17	36
37	1	1	2	1	1	2
37	1	1	1	1	1	2
37	1	0	2	1	29	71
37	1	0	1	1	29	71
37	1	1	2	1	29	6
37	1	1	1	1	29	6
37	1	1	2	1	2	48
37	1	1	1	1	2	48
37	0	0	2	1	27	47
37	1	0	1	1	27	47
37	0	0	2	1	29	43
37	0	0	1	1	29	43
37	1	1	2	1	29	49
37	1	1	1	1	29	49
37	1	0	2	1	29	39
37	1	1	1	1	29	39
37	1	1	2	1	3	27
37	1	1	1	1	3	27
37	0	0	2	1	3	46
37	1	0	1	1	3	46
37	1	1	2	1	3	29
37	1	1	1	1	3	29
37	1	1	2	1	3	28
37	1	1	1	1	3	28
38	1	1	1	1	3	28
38	1	1	1	1	3	29
38	0	0	1	1	3	46
38	1	1	1	1	3	27
38	1	1	1	1	1	2
38	1	1	1	1	1	1
38	1	1	1	1	8	44
38	1	1	1	1	3	55
38	1	1	1	1	8	63
38	0	1	1	1	1	66
38	0	1	1	1	1	67
38	0	1	1	1	1	65
38	1	1	1	1	25	68
38	0	1	1	1	1	70
38	1	0	1	1	10	72
38	1	1	1	1	2	3
38	1	1	1	1	8	62
38	1	1	1	1	2	7
38	1	1	1	1	2	4
38	1	0	1	1	2	26
38	1	1	1	1	8	8
38	0	0	1	1	2	21
38	1	0	1	1	21	33
38	1	0	1	1	27	47
38	1	1	1	1	17	36
38	1	1	1	1	3	53
39	1	1	1	1	3	53
39	1	1	2	1	3	53
39	1	1	2	1	21	33
39	1	1	1	1	21	33
39	0	0	2	1	2	21
39	0	0	1	1	2	21
39	1	1	2	1	8	8
39	1	1	1	1	8	8
39	1	1	2	1	2	4
39	1	1	1	1	2	4
39	1	1	2	1	2	7
39	1	1	1	1	2	7
39	1	1	2	1	8	62
39	1	1	1	1	8	62
39	1	1	2	1	2	3
39	1	1	1	1	2	3
39	1	0	2	1	10	72
39	1	0	1	1	10	72
39	0	1	2	1	1	70
39	0	1	1	1	1	70
39	1	0	1	1	2	52
39	0	1	2	1	1	65
39	0	1	1	1	1	65
39	0	1	2	1	1	67
39	0	1	1	1	1	67
39	0	1	2	1	1	66
39	0	1	1	1	1	66
39	1	1	2	1	8	63
39	1	1	1	1	8	63
39	0	0	2	1	3	55
39	1	1	1	1	3	55
39	1	0	2	1	8	44
39	1	0	1	1	8	44
39	1	1	2	1	1	1
39	1	1	1	1	1	1
39	1	1	1	1	17	36
39	1	0	1	1	2	26
39	1	0	1	1	2	26
39	1	1	2	1	1	2
39	1	1	1	1	1	2
39	1	1	2	1	29	6
39	1	1	1	1	29	6
39	1	0	2	1	29	71
39	1	0	1	1	29	71
39	1	1	2	1	29	39
39	1	1	1	1	29	39
39	1	1	2	1	29	49
39	1	1	1	1	29	49
39	0	0	2	1	29	43
39	0	0	1	1	29	43
39	0	0	2	1	27	47
39	1	0	1	1	27	47
39	1	1	2	1	2	48
39	1	1	1	1	2	48
39	1	1	2	1	3	27
39	1	1	1	1	3	27
39	0	0	2	1	3	46
39	1	0	1	1	3	46
39	1	1	2	1	3	29
39	1	1	1	1	3	29
39	1	1	2	1	3	28
39	1	1	1	1	3	28
40	1	1	2	1	3	28
40	1	1	1	1	3	28
40	1	1	2	1	3	29
40	1	1	1	1	3	29
40	0	0	2	1	3	46
40	1	0	1	1	3	46
40	1	1	2	1	3	27
40	1	1	1	1	3	27
40	1	0	2	1	27	47
40	1	0	1	1	27	47
40	1	1	2	1	29	6
40	1	1	1	1	29	6
40	1	1	2	1	1	2
40	1	1	1	1	1	2
40	1	1	1	1	17	36
40	1	1	2	1	1	1
40	1	1	1	1	1	1
40	1	0	2	1	8	44
40	1	0	1	1	8	44
40	0	0	2	1	3	55
40	1	1	1	1	3	55
40	1	1	2	1	8	63
40	1	1	1	1	8	63
40	0	1	2	1	1	66
40	0	1	1	1	1	66
40	0	1	2	1	1	67
40	0	1	1	1	1	67
40	0	1	2	1	1	65
40	0	1	1	1	1	65
40	1	0	1	1	2	52
40	0	1	2	1	1	70
40	0	1	1	1	1	70
40	1	0	2	1	10	72
40	1	0	1	1	10	72
40	1	1	1	1	2	48
40	1	1	2	1	2	48
40	1	1	1	1	29	49
40	1	1	2	1	29	49
40	1	1	2	1	2	3
40	1	1	1	1	2	3
40	1	1	2	1	8	62
40	1	1	1	1	8	62
40	1	1	2	1	2	7
40	1	1	1	1	2	7
40	1	0	1	1	29	71
40	1	0	2	1	29	71
40	1	1	2	1	2	4
40	1	1	1	1	2	4
40	1	1	2	1	8	8
40	1	1	1	1	8	8
40	1	0	1	1	2	26
40	0	0	2	1	2	21
40	0	0	1	1	2	21
40	1	0	2	1	21	33
40	1	0	1	1	21	33
40	1	1	1	1	29	39
40	1	1	2	1	3	53
40	1	1	1	1	3	53
40	1	0	2	1	2	26
41	1	0	2	1	2	26
41	1	1	1	1	3	53
41	1	1	2	1	3	53
41	1	0	2	1	21	33
41	1	0	1	1	21	33
41	0	0	2	1	2	21
41	0	0	1	1	2	21
41	1	0	1	1	2	26
41	1	1	2	1	8	8
41	1	1	1	1	8	8
41	1	1	2	1	2	4
41	1	1	1	1	2	4
41	1	1	2	1	2	7
41	1	1	1	1	2	7
41	1	1	2	1	8	62
41	1	1	1	1	8	62
41	1	1	2	1	2	3
41	1	1	1	1	2	3
41	1	0	2	1	10	72
41	1	0	1	1	10	72
41	0	1	2	1	1	70
41	0	1	1	1	1	70
41	1	0	1	1	2	52
41	0	1	2	1	1	65
41	0	1	1	1	1	65
41	0	1	2	1	1	67
41	0	1	1	1	1	67
41	0	1	2	1	1	66
41	0	1	1	1	1	66
41	1	1	2	1	8	63
41	1	1	1	1	8	63
41	0	0	2	1	3	55
41	1	1	1	1	3	55
41	1	0	2	1	8	44
41	1	0	1	1	8	44
41	1	1	2	1	1	1
41	1	1	1	1	1	1
41	1	1	1	1	17	36
41	1	1	2	1	1	2
41	1	1	1	1	1	2
41	1	1	2	1	29	6
41	1	1	1	1	29	6
41	1	0	2	1	29	71
41	1	0	1	1	29	71
41	1	0	2	1	27	47
41	1	0	1	1	27	47
41	1	1	2	1	2	48
41	1	1	1	1	2	48
41	0	0	2	1	29	43
41	0	0	1	1	29	43
41	1	1	2	1	29	49
41	1	1	1	1	29	49
41	1	0	2	1	29	39
41	1	1	1	1	29	39
41	1	1	2	1	3	27
41	1	1	1	1	3	27
41	0	0	2	1	3	46
41	1	0	1	1	3	46
41	1	1	2	1	3	29
41	1	1	1	1	3	29
41	1	1	2	1	3	28
41	1	1	1	1	3	28
42	1	1	1	1	3	28
42	1	1	2	1	3	28
42	1	1	1	1	3	29
42	1	1	2	1	3	29
42	1	0	1	1	3	46
42	1	0	2	1	3	46
42	1	1	1	1	3	27
42	1	1	2	1	3	27
42	1	1	1	1	29	39
42	1	1	2	1	29	39
42	1	1	1	1	29	49
42	1	1	2	1	29	49
42	0	0	1	1	29	43
42	0	0	2	1	29	43
42	1	1	1	1	2	48
42	1	1	2	1	2	48
42	1	0	1	1	27	47
42	1	0	2	1	27	47
42	1	0	1	1	29	71
42	1	0	2	1	29	71
42	1	1	1	1	29	6
42	1	1	2	1	29	6
42	1	1	1	1	1	2
42	1	1	2	1	1	2
42	1	1	1	1	17	36
42	1	1	1	1	1	1
42	1	1	2	1	1	1
42	1	0	1	1	8	44
42	1	0	2	1	8	44
42	1	1	1	1	3	55
42	0	0	2	1	3	55
42	1	1	1	1	8	63
42	1	1	2	1	8	63
42	0	1	1	1	1	66
42	0	1	2	1	1	66
42	0	1	1	1	1	67
42	0	1	2	1	1	67
42	0	1	1	1	1	65
42	0	1	2	1	1	65
42	1	0	1	1	2	52
42	1	0	2	1	2	52
42	0	1	1	1	1	70
42	0	1	2	1	1	70
42	1	0	1	1	10	72
42	1	0	2	1	10	72
42	1	1	1	1	2	3
42	1	1	2	1	2	3
42	1	1	1	1	8	62
42	1	1	2	1	8	62
42	1	1	1	1	2	7
42	1	1	2	1	2	7
42	1	1	1	1	2	4
42	1	1	2	1	2	4
42	1	1	1	1	8	8
42	1	1	2	1	8	8
42	1	0	1	1	2	26
42	0	0	1	1	2	21
42	0	0	2	1	2	21
42	1	0	1	1	21	33
42	1	0	2	1	21	33
42	1	1	2	1	3	53
42	1	1	1	1	3	53
42	1	0	2	1	2	26
43	1	0	2	1	2	26
43	1	1	1	1	3	53
43	1	1	2	1	3	53
43	1	0	2	1	21	33
43	1	0	1	1	21	33
43	0	0	2	1	2	21
43	0	0	1	1	2	21
43	1	0	1	1	2	26
43	1	1	2	1	8	8
43	1	1	1	1	8	8
43	1	1	2	1	2	4
43	1	1	1	1	2	4
43	1	1	2	1	2	7
43	1	1	1	1	2	7
43	1	1	2	1	8	62
43	1	1	1	1	8	62
43	1	1	2	1	2	3
43	1	1	1	1	2	3
43	1	0	2	1	10	72
43	1	0	1	1	10	72
43	0	1	2	1	1	70
43	0	1	1	1	1	70
43	1	0	1	1	2	52
43	0	1	2	1	1	65
43	0	1	1	1	1	65
43	0	1	2	1	1	67
43	0	1	1	1	1	67
43	0	1	2	1	1	66
43	0	1	1	1	1	66
43	1	1	2	1	8	63
43	1	1	1	1	8	63
43	0	0	2	1	3	55
43	1	1	1	1	3	55
43	1	0	2	1	8	44
43	1	0	1	1	8	44
43	1	1	2	1	1	1
43	1	1	1	1	1	1
43	1	1	1	1	17	36
43	1	1	2	1	1	2
43	1	1	1	1	1	2
43	1	1	2	1	29	6
43	1	1	1	1	29	6
43	1	0	2	1	29	71
43	1	0	1	1	29	71
43	1	0	2	1	27	47
43	1	0	1	1	27	47
43	1	1	2	1	2	48
43	1	1	1	1	2	48
43	0	0	2	1	29	43
43	0	0	1	1	29	43
43	1	1	2	1	29	49
43	1	1	1	1	29	49
43	1	0	2	1	29	39
43	1	1	1	1	29	39
43	1	1	2	1	3	27
43	1	1	1	1	3	27
43	0	0	2	1	3	46
43	1	0	1	1	3	46
43	1	1	2	1	3	29
43	1	1	1	1	3	29
43	1	1	2	1	3	28
43	1	1	1	1	3	28
44	1	1	1	3	3	28
44	1	1	1	3	3	29
44	1	0	1	3	3	46
44	1	1	1	3	3	27
44	1	0	1	3	27	47
44	1	1	1	3	29	6
44	1	1	1	3	2	26
44	1	1	1	3	1	2
44	1	1	1	3	17	36
44	1	1	1	3	4	34
44	1	1	1	3	1	1
44	1	1	1	3	8	44
44	1	1	1	3	3	55
44	1	1	1	3	8	63
44	0	1	1	3	1	66
44	0	1	1	3	1	67
44	0	1	1	3	1	65
44	0	1	1	3	1	70
44	1	0	1	3	10	72
44	1	1	1	3	15	15
44	1	1	1	3	2	3
44	1	1	1	3	8	62
44	1	0	1	1	29	71
44	1	1	1	3	2	4
44	1	1	1	3	8	8
44	0	0	1	3	2	21
44	1	1	1	3	5	35
44	1	1	1	3	2	7
44	1	1	1	3	3	53
45	1	1	5	3	3	53
45	1	1	6	3	1	1
45	1	1	6	3	1	2
45	1	1	6	3	2	3
45	1	1	6	3	2	4
45	1	1	6	3	3	28
45	1	1	6	3	3	29
45	1	0	6	3	3	46
45	1	1	6	3	3	27
45	1	1	6	3	5	35
45	1	1	6	3	3	53
45	1	1	6	3	2	11
45	1	1	6	3	8	8
45	1	1	6	3	17	17
45	1	1	6	3	17	36
45	1	0	6	3	8	44
45	1	1	6	3	3	55
45	1	1	6	3	8	62
45	1	1	6	3	8	63
45	1	1	6	3	25	68
45	1	0	6	3	10	72
45	1	0	6	3	3	32
45	0	0	5	3	2	7
45	1	1	5	3	5	35
45	0	0	5	3	2	21
45	1	1	5	3	8	8
45	1	1	5	3	2	4
45	1	1	5	3	17	36
45	1	1	5	3	8	62
45	1	1	5	3	2	3
45	1	1	5	3	15	15
45	1	0	5	3	10	72
45	0	1	5	3	1	70
45	1	1	5	3	17	17
45	1	1	5	3	25	68
45	0	1	5	3	1	65
45	0	1	5	3	1	67
45	0	1	5	3	1	66
45	1	1	5	3	8	63
45	1	1	5	3	3	55
45	1	0	5	3	8	44
45	1	1	5	3	1	1
45	1	1	5	3	2	11
45	1	1	5	3	1	2
45	1	1	5	3	3	27
45	1	0	5	3	3	46
45	1	1	5	3	3	29
45	1	1	5	3	3	28
46	1	1	1	3	3	28
46	1	1	1	3	3	29
46	1	0	1	3	3	46
46	1	1	1	3	3	27
46	1	1	1	3	1	2
46	1	1	1	3	2	26
46	1	1	1	3	4	34
46	1	1	1	3	17	36
46	1	1	1	3	1	1
46	1	1	1	3	8	44
46	1	1	1	3	3	55
46	1	1	1	3	8	63
46	0	1	1	3	1	66
46	0	1	1	3	1	67
46	0	1	1	3	1	65
46	1	1	1	3	17	17
46	0	1	1	3	1	70
46	1	0	1	3	10	72
46	1	1	1	3	15	15
46	1	1	1	3	2	3
46	1	1	1	3	8	62
46	1	0	1	3	29	71
46	1	1	1	3	2	4
46	1	1	1	3	8	8
46	1	0	1	3	2	42
46	0	0	1	3	2	21
46	1	1	1	3	5	35
46	1	1	1	3	2	7
46	1	1	1	3	3	53
47	1	1	1	1	3	53
47	1	0	1	1	21	33
47	0	0	1	1	2	21
47	1	0	1	1	2	26
47	1	1	1	1	8	8
47	1	1	1	1	2	4
47	1	1	1	1	2	7
47	1	1	1	1	8	62
47	1	1	1	1	2	3
47	1	0	1	1	10	72
47	0	1	1	1	1	70
47	1	0	1	1	2	52
47	0	1	1	1	1	65
47	0	1	1	1	1	67
47	0	1	1	1	1	66
47	1	1	1	1	8	63
47	1	1	1	1	3	55
47	1	0	1	1	8	44
47	1	1	1	1	1	1
47	1	1	1	1	17	36
47	1	1	1	1	29	6
47	1	0	1	1	29	71
47	1	1	1	1	1	2
47	1	1	1	1	2	48
47	1	0	1	1	27	47
47	1	1	1	1	29	39
47	1	1	1	1	29	49
47	0	0	1	1	29	43
47	1	1	1	1	3	27
47	1	0	1	1	3	46
47	1	1	1	1	3	29
47	1	1	1	1	3	28
50	1	1	1	3	3	28
50	1	1	1	3	3	29
50	1	0	1	3	3	46
50	1	1	1	3	3	27
50	0	0	1	3	2	37
50	1	0	1	3	27	47
50	1	1	1	3	1	2
50	1	1	1	3	17	36
50	1	1	1	3	4	34
50	1	0	1	3	2	5
50	1	1	1	3	1	1
50	1	0	1	3	8	44
50	1	1	1	3	3	55
50	1	1	1	3	8	63
50	0	1	1	3	1	66
50	0	1	1	3	1	67
50	0	1	1	3	1	65
50	1	1	1	3	17	17
50	0	1	1	3	1	70
50	1	0	1	3	10	72
50	1	1	1	3	15	15
50	1	1	1	3	2	3
50	1	1	1	3	8	62
50	1	1	1	3	2	4
50	1	1	1	3	8	8
50	1	0	1	3	2	26
50	1	0	1	3	2	42
50	0	0	1	3	2	21
50	0	0	1	3	2	7
50	1	1	1	3	5	35
50	1	1	1	3	8	79
50	1	1	1	3	1	77
50	1	1	1	3	2	78
50	1	1	1	3	3	53
51	1	1	1	3	3	53
51	1	1	1	3	5	35
51	0	0	1	3	2	7
51	0	0	1	3	2	21
51	1	0	1	3	2	26
51	1	1	1	3	8	8
51	1	1	1	3	2	4
51	1	1	1	3	8	62
51	1	1	1	3	2	3
51	1	1	1	3	15	15
51	1	0	1	3	10	72
51	0	1	1	3	1	70
51	0	1	1	3	1	65
51	0	1	1	3	1	67
51	0	1	1	3	1	66
51	1	1	1	3	8	63
51	1	1	1	3	3	55
51	1	0	1	3	8	44
51	1	1	1	3	1	1
51	1	0	1	3	2	5
51	1	1	1	3	17	36
51	1	1	1	3	1	2
51	1	1	1	3	3	27
51	1	0	1	3	3	46
51	1	1	1	3	3	29
51	1	1	1	3	3	28
52	1	1	1	1	3	28
52	1	1	1	1	3	29
52	1	0	1	1	3	46
52	1	1	1	1	3	27
52	1	1	1	1	1	2
52	1	0	1	1	29	71
52	1	1	1	1	29	6
52	1	1	1	1	2	48
52	1	0	1	1	27	47
52	0	0	1	1	29	43
52	1	1	1	1	29	49
52	1	1	1	1	29	39
52	1	1	1	1	17	36
52	1	1	1	1	1	1
52	1	0	1	1	8	44
52	1	1	1	1	3	55
52	1	1	1	1	8	63
52	0	1	1	1	1	66
52	0	1	1	1	1	67
52	0	1	1	1	1	65
52	0	1	1	1	1	70
52	1	0	1	1	2	52
52	1	0	1	1	10	72
52	1	1	1	1	2	3
52	1	1	1	1	8	62
52	1	1	1	1	2	4
52	1	1	1	1	2	7
52	1	1	1	1	8	8
52	1	0	1	1	2	26
52	0	0	1	1	2	21
52	1	1	1	1	3	53
52	1	0	1	1	21	33
53	1	0	1	1	21	33
53	1	1	1	1	3	53
53	0	0	1	1	2	21
53	1	0	1	1	2	26
53	1	1	1	1	8	8
53	1	1	1	1	2	7
53	1	1	1	1	2	4
53	1	1	1	1	8	62
53	1	1	1	1	2	3
53	1	0	1	1	10	72
53	0	1	1	1	1	70
53	0	1	1	1	1	65
53	0	1	1	1	1	67
53	0	1	1	1	1	66
53	1	1	1	1	8	63
53	1	1	1	1	3	55
53	1	0	1	1	8	44
53	1	1	1	1	1	1
53	1	1	1	1	17	36
53	1	0	1	1	27	47
53	1	1	1	1	1	2
53	1	1	1	1	3	27
53	1	0	1	1	3	46
53	1	1	1	1	3	29
53	1	1	1	1	3	28
54	1	1	1	1	3	28
54	1	1	1	1	3	29
54	1	0	1	1	3	46
54	1	1	1	1	3	27
54	1	1	1	1	1	2
54	1	1	1	1	29	6
54	1	0	1	1	27	47
54	1	1	1	1	17	36
54	1	1	1	1	1	1
54	1	0	1	1	8	44
54	1	1	1	1	3	55
54	1	1	1	1	8	63
54	0	1	1	1	1	66
54	0	1	1	1	1	67
54	0	1	1	1	1	65
54	0	1	1	1	1	70
54	1	0	1	1	2	52
54	1	0	1	1	10	72
54	1	0	1	1	29	71
54	1	1	1	1	2	48
54	1	1	1	1	29	39
54	1	1	1	1	29	49
54	1	1	1	1	2	3
54	1	1	1	1	8	62
54	1	1	1	1	2	4
54	1	1	1	1	2	7
54	1	1	1	1	8	8
54	1	0	1	1	2	26
54	0	0	1	1	2	21
54	1	1	1	1	3	53
54	1	0	1	1	21	33
55	1	1	5	1	3	53
55	1	0	5	1	2	26
55	0	0	5	1	2	21
55	1	1	5	1	8	8
55	1	0	5	1	2	7
55	1	1	5	1	17	36
55	1	1	5	1	2	4
55	1	1	5	1	8	62
55	1	1	5	1	2	3
55	1	0	5	1	10	72
55	1	1	5	1	25	68
55	0	1	5	1	1	70
55	0	1	5	1	1	65
55	0	1	5	1	1	67
55	0	1	5	1	1	66
55	1	1	5	1	8	63
55	1	1	5	1	3	55
55	1	1	5	1	8	44
55	1	1	5	1	1	1
55	1	1	5	1	2	11
55	1	1	5	1	1	2
55	1	1	5	1	3	27
55	1	0	5	1	3	46
55	1	1	5	1	3	29
55	1	1	5	1	3	28
59	1	1	1	3	3	28
59	1	1	1	3	3	29
59	1	0	1	3	3	46
59	1	1	1	3	3	27
59	1	1	1	3	1	2
59	1	1	1	3	2	26
59	1	0	1	3	27	47
59	1	1	1	3	4	34
59	1	1	1	3	17	36
59	1	1	1	3	1	1
59	1	0	1	3	8	44
59	1	1	1	3	3	55
59	1	1	1	3	8	63
59	0	1	1	3	1	66
59	0	1	1	3	1	67
59	0	1	1	3	1	65
59	0	1	1	3	1	70
59	1	1	1	3	17	17
59	1	1	1	3	15	15
59	1	1	1	3	2	3
59	1	1	1	3	8	62
59	1	1	1	3	2	4
59	1	1	1	3	8	8
59	0	0	1	3	2	21
59	0	0	1	3	2	7
59	1	1	1	3	5	35
59	1	1	1	3	3	53
60	1	1	5	3	3	53
60	1	1	5	3	5	35
60	0	0	5	3	2	7
60	0	0	5	3	2	21
60	1	1	5	3	8	8
60	1	1	5	3	2	4
60	1	0	5	3	29	71
60	1	1	5	3	17	36
60	1	1	5	3	8	62
60	1	1	5	3	2	3
60	1	1	5	3	15	15
60	1	0	5	3	10	72
60	1	1	5	3	25	68
60	0	1	5	3	1	70
60	0	1	5	3	1	65
60	0	1	5	3	1	67
60	0	1	5	3	1	66
60	1	1	5	3	8	63
60	1	1	5	3	3	55
60	1	1	5	3	8	44
60	1	1	5	3	1	1
60	1	1	5	3	2	26
60	1	1	5	3	29	6
60	1	1	5	3	1	2
60	1	1	5	3	3	27
60	0	0	5	3	3	46
60	1	1	5	3	3	29
60	1	1	5	3	3	28
65	1	1	1	1	3	28
65	1	1	2	1	3	28
65	1	1	1	1	3	29
65	1	1	2	1	3	29
65	1	0	1	1	3	46
65	1	0	2	1	3	46
65	1	1	1	1	3	27
65	1	1	2	1	3	27
65	1	1	1	1	1	2
65	1	1	2	1	1	2
65	1	1	1	1	29	6
65	1	1	2	1	29	6
65	1	0	1	1	29	71
65	1	0	2	1	29	71
65	1	1	1	1	2	48
65	1	1	2	1	2	48
65	1	0	1	1	27	47
65	1	0	2	1	27	47
65	1	1	1	1	29	39
65	1	1	2	1	29	39
65	1	1	1	1	29	49
65	1	1	2	1	29	49
65	0	0	1	1	29	43
65	0	0	2	1	29	43
65	0	0	1	1	2	37
65	0	0	2	1	2	37
65	1	1	1	1	1	1
65	1	1	2	1	1	1
65	1	1	1	1	17	36
65	1	0	1	1	8	44
65	1	0	2	1	8	44
65	1	1	1	1	3	55
65	0	0	2	1	3	55
65	1	1	1	1	8	63
65	1	1	2	1	8	63
65	0	1	1	1	1	66
65	0	1	2	1	1	66
65	0	1	1	1	1	67
65	0	1	2	1	1	67
65	0	1	1	1	1	65
65	0	1	2	1	1	65
65	0	1	1	1	1	70
65	0	1	2	1	1	70
65	1	1	1	1	2	52
65	1	1	2	1	2	52
65	1	0	1	1	10	72
65	1	0	2	1	10	72
65	1	1	1	1	2	3
65	1	1	2	1	2	3
65	1	1	1	1	8	62
65	1	1	2	1	8	62
65	1	1	1	1	2	7
65	1	1	2	1	2	7
65	1	1	1	1	2	4
65	1	1	2	1	2	4
65	1	1	1	1	8	8
65	1	1	2	1	8	8
65	1	0	1	1	2	26
65	1	0	1	1	2	42
65	1	0	2	1	2	42
65	0	0	1	1	2	21
65	0	0	2	1	2	21
65	1	1	2	1	3	53
65	1	1	1	1	3	53
65	1	0	2	1	2	26
65	1	0	1	1	21	33
65	1	0	2	1	21	33
68	1	0	1	1	21	33
68	1	1	1	1	3	53
68	0	0	1	1	2	21
68	1	0	1	1	2	26
68	1	1	1	1	8	8
68	1	1	1	1	2	4
68	1	1	1	1	2	7
68	1	1	1	1	8	62
68	1	1	1	1	2	3
68	1	0	1	1	10	72
68	0	1	1	1	1	70
68	0	1	1	1	1	65
68	0	1	1	1	1	67
68	0	1	1	1	1	66
68	1	1	1	1	8	63
68	1	1	1	1	3	55
68	1	0	1	1	8	44
68	1	1	1	1	17	36
68	1	1	1	1	1	1
68	1	0	1	1	27	47
68	1	1	1	1	1	2
68	1	1	1	1	3	27
68	1	0	1	1	3	46
68	1	1	1	1	3	29
68	1	1	1	1	3	28
69	1	1	1	1	3	28
69	1	1	1	1	3	29
69	1	0	1	1	3	46
69	1	1	1	1	3	27
69	1	1	1	1	1	2
69	1	1	1	1	3	53
69	1	0	1	1	29	71
69	1	1	1	1	29	6
69	1	1	1	1	2	48
69	1	0	1	1	27	47
69	1	1	1	1	29	49
69	1	1	1	1	29	39
69	1	0	1	1	29	43
69	1	1	1	1	1	1
69	1	0	1	1	21	33
69	1	0	1	1	2	5
69	1	0	1	1	8	44
69	1	1	1	1	3	55
69	1	1	1	1	8	63
69	1	1	1	1	8	62
69	1	1	1	1	2	3
69	1	1	1	1	2	4
69	0	0	1	1	2	21
69	1	1	1	1	2	42
69	0	0	1	1	5	35
69	1	1	1	1	8	8
69	1	1	1	1	17	36
69	1	1	1	1	2	7
69	1	0	1	1	2	52
69	0	1	1	1	1	65
69	0	1	1	1	1	66
69	0	1	1	1	1	67
69	0	1	1	1	1	70
69	1	0	1	1	2	26
69	1	0	1	1	3	32
70	1	1	1	5	3	53
70	1	0	2	5	2	26
70	1	1	2	5	3	53
70	1	1	2	5	8	8
70	1	1	1	5	8	8
70	1	1	2	5	2	42
70	1	1	1	5	2	42
70	1	0	1	5	2	26
70	1	1	2	5	2	7
70	1	1	1	5	2	7
70	0	0	2	5	2	21
70	0	0	1	5	2	21
70	1	1	2	5	5	35
70	1	1	1	5	5	35
70	0	1	2	5	1	70
70	0	1	1	5	1	70
70	1	1	1	5	17	17
70	1	0	2	5	10	72
70	1	0	1	5	10	72
70	1	1	2	5	15	15
70	1	1	1	5	15	15
70	1	1	2	5	2	3
70	1	1	1	5	2	3
70	1	1	2	5	8	62
70	1	1	1	5	8	62
70	1	1	2	5	2	4
70	1	1	1	5	2	4
70	1	1	2	5	3	28
70	1	1	1	5	3	28
70	1	1	2	5	3	29
70	1	1	1	5	3	29
70	1	0	2	5	3	46
70	1	0	1	5	3	46
70	1	1	2	5	3	27
70	1	1	1	5	3	27
70	1	1	2	5	1	2
70	1	1	1	5	1	2
70	0	0	2	5	27	47
70	1	0	1	5	27	47
70	0	0	2	5	2	37
70	0	0	1	5	2	37
70	1	1	2	5	1	1
70	1	1	1	5	1	1
70	1	1	1	5	17	36
70	1	1	2	5	4	34
70	1	1	1	5	4	34
70	1	0	2	5	2	24
70	1	0	1	5	2	24
70	1	0	2	5	8	44
70	1	0	1	5	8	44
70	0	0	2	5	3	55
70	1	1	1	5	3	55
70	1	1	2	5	8	63
70	1	1	1	5	8	63
70	0	1	2	5	1	66
70	0	1	1	5	1	66
70	0	1	2	5	1	67
70	0	1	1	5	1	67
70	0	1	2	5	1	65
70	0	1	1	5	1	65
71	0	1	1	1	1	65
71	0	1	2	1	1	65
71	0	1	1	1	1	67
71	0	1	2	1	1	67
71	0	1	1	1	1	66
71	0	1	2	1	1	66
71	1	1	1	1	8	63
71	1	1	2	1	8	63
71	1	1	1	1	3	55
71	0	0	2	1	3	55
71	1	0	1	1	8	44
71	1	0	2	1	8	44
71	1	1	1	1	17	36
71	1	1	1	1	1	1
71	1	1	2	1	1	1
71	0	0	1	1	2	37
71	0	0	2	1	2	37
71	0	0	1	1	29	43
71	0	0	2	1	29	43
71	1	1	1	1	29	49
71	1	1	2	1	29	49
71	1	1	1	1	29	39
71	1	1	2	1	29	39
71	1	1	1	1	2	48
71	1	1	2	1	2	48
71	1	0	1	1	27	47
71	1	0	2	1	27	47
71	1	1	1	1	1	2
71	1	1	2	1	1	2
71	1	0	1	1	29	71
71	1	0	2	1	29	71
71	1	1	1	1	29	6
71	1	1	2	1	29	6
71	1	1	1	1	3	27
71	1	1	2	1	3	27
71	1	0	1	1	3	46
71	1	0	2	1	3	46
71	1	1	1	1	3	29
71	1	1	2	1	3	29
71	1	1	1	1	3	28
71	1	1	2	1	3	28
71	1	1	1	1	2	4
71	1	1	2	1	2	4
71	1	1	1	1	2	7
71	1	1	2	1	2	7
71	1	1	1	1	8	62
71	1	1	2	1	8	62
71	1	1	1	1	2	3
71	1	1	2	1	2	3
71	1	0	1	1	2	26
71	1	0	2	1	2	26
71	1	0	1	1	10	72
71	1	0	2	1	10	72
71	1	1	1	1	2	52
71	1	1	2	1	2	52
71	0	1	1	1	1	70
71	0	1	2	1	1	70
71	0	0	1	1	2	21
71	0	0	2	1	2	21
71	1	0	1	1	2	42
71	1	0	2	1	2	42
71	1	1	1	1	8	8
71	1	1	2	1	8	8
71	1	1	2	1	3	53
71	1	1	1	1	3	53
71	1	1	1	1	21	33
71	1	1	2	1	21	33
72	1	0	1	1	21	33
72	1	0	2	1	21	33
72	1	1	1	1	29	39
72	1	0	2	1	2	26
72	1	1	2	1	3	53
72	1	1	1	1	3	53
72	1	1	1	1	8	8
72	1	1	2	1	8	8
72	1	0	1	1	2	42
72	0	0	2	1	2	42
72	1	0	1	1	2	26
72	0	0	1	1	2	21
72	0	0	2	1	2	21
72	0	1	1	1	1	70
72	0	1	2	1	1	70
72	1	1	1	1	2	52
72	1	1	2	1	2	52
72	1	0	1	1	10	72
72	1	0	2	1	10	72
72	1	0	2	1	29	43
72	1	0	1	1	29	43
72	1	0	1	1	29	71
72	1	0	2	1	29	71
72	1	1	1	1	2	48
72	1	1	2	1	2	48
72	1	1	2	1	29	39
72	1	1	1	1	29	49
72	1	1	2	1	29	49
72	1	1	1	1	2	3
72	1	1	2	1	2	3
72	1	1	1	1	8	62
72	1	1	2	1	8	62
72	1	1	1	1	2	7
72	1	1	2	1	2	7
72	1	1	1	1	2	4
72	1	1	2	1	2	4
72	1	1	1	1	3	28
72	1	1	2	1	3	28
72	1	1	1	1	3	29
72	1	1	2	1	3	29
72	1	0	1	1	3	46
72	1	0	2	1	3	46
72	1	1	1	1	3	27
72	1	1	2	1	3	27
72	1	1	1	1	29	6
72	1	1	2	1	29	6
72	1	1	1	1	1	2
72	1	1	2	1	1	2
72	1	0	1	1	27	47
72	1	0	2	1	27	47
72	0	0	1	1	2	37
72	0	0	2	1	2	37
72	1	1	1	1	1	1
72	1	1	2	1	1	1
72	1	1	1	1	17	36
72	1	0	1	1	8	44
72	1	0	2	1	8	44
72	1	1	1	1	3	55
72	0	0	2	1	3	55
72	1	1	1	1	8	63
72	1	1	2	1	8	63
72	0	1	1	1	1	66
72	0	1	2	1	1	66
72	0	1	1	1	1	67
72	0	1	2	1	1	67
72	0	1	1	1	1	65
72	0	1	2	1	1	65
73	0	1	2	1	1	65
73	0	1	1	1	1	65
73	0	1	2	1	1	67
73	0	1	1	1	1	67
73	0	1	2	1	1	66
73	0	1	1	1	1	66
73	1	1	2	1	8	63
73	1	1	1	1	8	63
73	0	0	2	1	3	55
73	1	1	1	1	3	55
73	1	0	2	1	8	44
73	1	0	1	1	8	44
73	1	1	1	1	17	36
73	1	1	2	1	1	1
73	1	1	1	1	1	1
73	0	0	2	1	2	37
73	0	0	1	1	2	37
73	0	0	2	1	27	47
73	1	0	1	1	27	47
73	1	1	2	1	1	2
73	1	1	1	1	1	2
73	1	1	2	1	3	27
73	1	1	1	1	3	27
73	0	0	2	1	3	46
73	1	0	1	1	3	46
73	1	1	2	1	3	29
73	1	1	1	1	3	29
73	1	1	2	1	3	28
73	1	1	1	1	3	28
73	1	1	2	1	2	4
73	1	1	1	1	2	4
73	1	1	2	1	2	7
73	1	1	1	1	2	7
73	1	1	2	1	8	62
73	1	1	1	1	8	62
73	1	1	2	1	2	3
73	1	1	1	1	2	3
73	1	0	2	1	10	72
73	1	0	1	1	10	72
73	0	1	2	1	1	70
73	0	1	1	1	1	70
73	0	0	2	1	2	21
73	0	0	1	1	2	21
73	1	0	1	1	2	26
73	1	1	2	1	8	8
73	1	1	1	1	8	8
73	1	1	1	1	3	53
73	1	1	2	1	3	53
73	1	0	2	1	2	26
73	1	0	2	1	21	33
73	1	0	1	1	21	33
74	1	1	5	3	17	36
74	1	0	5	3	2	26
74	1	1	5	3	3	53
74	1	1	5	3	8	8
74	0	0	5	3	2	21
74	1	1	5	3	5	35
74	0	0	5	3	2	7
74	0	1	5	3	1	70
74	1	1	5	3	25	68
74	1	1	5	3	17	17
74	1	0	5	3	10	72
74	1	1	5	3	15	15
74	1	1	5	3	2	3
74	1	1	5	3	8	62
74	1	1	5	3	2	4
74	1	1	5	3	3	28
74	1	1	5	3	3	29
74	1	0	5	3	3	46
74	1	1	5	3	3	27
74	1	1	5	3	1	2
74	1	1	5	3	1	1
74	1	0	5	3	8	44
74	1	1	5	3	3	55
74	1	1	5	3	8	63
74	0	1	5	3	1	66
74	0	1	5	3	1	67
74	0	1	5	3	1	65
75	0	1	1	1	1	65
75	0	1	1	1	1	67
75	0	1	1	1	1	66
75	1	1	1	1	8	63
75	1	1	1	1	3	55
75	1	0	1	1	8	44
75	1	1	1	1	1	1
75	1	1	1	1	17	36
75	1	1	1	1	1	2
75	1	0	1	1	27	47
75	1	1	1	1	3	27
75	1	0	1	1	3	46
75	1	1	1	1	3	29
75	1	1	1	1	3	28
75	1	1	1	1	2	4
75	1	1	1	1	2	7
75	1	1	1	1	8	62
75	1	1	1	1	2	3
75	1	0	1	1	10	72
75	0	1	1	1	1	70
75	0	0	1	1	2	21
75	1	1	1	1	8	8
75	1	0	1	1	2	26
75	1	1	1	1	3	53
76	1	1	1	3	3	53
76	1	0	1	3	2	26
76	1	1	1	3	8	8
76	0	0	1	3	2	21
76	1	1	1	3	2	7
76	1	1	1	3	5	35
76	0	1	1	3	1	70
76	1	1	1	3	17	17
76	1	0	1	3	10	72
76	1	1	1	3	15	15
76	1	1	1	3	2	3
76	1	1	1	3	8	62
76	1	1	1	3	2	4
76	1	1	1	3	3	28
76	1	1	1	3	3	29
76	1	0	1	3	3	46
76	1	1	1	3	3	27
76	1	1	1	3	2	37
76	1	1	1	3	1	2
76	1	1	1	3	17	36
76	1	1	1	3	1	1
76	1	1	1	3	8	44
76	1	1	1	3	3	55
76	1	1	1	3	8	63
76	0	1	1	3	1	66
76	0	1	1	3	1	67
76	0	1	1	3	1	65
77	0	1	6	3	1	65
77	0	1	6	3	1	67
77	0	1	6	3	1	66
77	0	0	6	3	8	63
77	0	0	6	3	3	55
77	1	1	6	3	8	44
77	1	1	6	3	1	1
77	1	1	6	3	1	2
77	1	1	6	3	3	27
77	0	0	6	3	3	46
77	1	1	6	3	3	29
77	1	1	6	3	3	28
77	1	1	6	3	2	3
77	0	0	6	3	2	4
77	0	0	6	3	8	62
77	0	0	6	3	15	15
77	0	0	6	3	10	72
77	0	1	6	3	1	70
77	1	1	6	3	5	35
77	0	0	6	3	2	7
77	0	0	6	3	2	21
77	0	0	6	3	17	36
77	1	1	6	3	3	53
78	1	1	1	3	3	53
78	0	0	1	3	2	21
78	0	0	1	3	2	7
78	1	1	1	3	5	35
78	1	1	1	3	8	8
78	1	0	1	3	2	26
78	0	1	1	3	1	70
78	1	0	1	3	10	72
78	1	1	1	3	15	15
78	1	1	1	3	8	62
78	1	1	1	3	2	3
78	1	1	1	3	2	4
78	1	1	1	3	3	28
78	1	1	1	3	3	29
78	0	0	1	3	3	46
78	1	1	1	3	3	27
78	1	1	1	3	1	2
78	1	1	1	3	1	1
78	1	1	1	3	17	36
78	1	0	1	3	8	44
78	1	1	1	3	3	55
78	1	1	1	3	8	63
78	0	1	1	3	1	66
78	0	1	1	3	1	67
78	0	1	1	3	1	65
79	0	1	1	3	1	65
79	0	1	1	3	1	67
79	0	1	1	3	1	66
79	1	1	1	3	8	63
79	1	1	1	3	3	55
79	1	0	1	3	8	44
79	1	1	1	3	17	36
79	1	1	1	3	4	34
79	1	1	1	3	1	1
79	1	1	1	3	1	2
79	1	1	1	3	2	26
79	1	1	1	3	3	27
79	1	0	1	3	3	46
79	1	1	1	3	3	29
79	1	1	1	3	3	28
79	1	1	1	3	2	4
79	1	1	1	3	2	3
79	1	1	1	3	8	62
79	1	1	1	3	15	15
79	1	0	1	3	10	72
79	0	1	1	3	1	70
79	1	1	1	3	8	8
79	1	1	1	3	5	35
79	0	0	1	3	2	7
79	0	0	1	3	2	21
79	1	1	1	3	3	53
80	1	1	1	3	3	53
80	0	0	1	3	2	21
80	0	0	1	3	2	7
80	1	1	1	3	5	35
80	1	1	1	3	8	8
80	1	0	1	3	2	26
80	0	1	1	3	1	70
80	1	1	1	3	17	17
80	1	1	1	3	2	5
80	1	0	1	3	10	72
80	1	1	1	3	15	15
80	1	1	1	3	8	62
80	1	1	1	3	2	3
80	1	1	1	3	2	4
80	1	1	1	3	3	28
80	1	1	1	3	3	29
80	1	0	1	3	3	46
80	1	1	1	3	3	27
80	1	1	1	3	1	2
80	1	1	1	3	1	1
80	1	1	1	3	17	36
80	1	0	1	3	8	44
80	1	1	1	3	3	55
80	1	1	1	3	8	63
80	0	1	1	3	1	66
80	0	1	1	3	1	67
80	0	1	1	3	1	65
81	0	1	1	3	1	65
81	0	1	1	3	1	67
81	0	1	1	3	1	66
81	1	1	1	3	8	63
81	1	1	1	3	3	55
81	1	0	1	3	8	44
81	1	1	1	3	17	36
81	1	1	1	3	1	1
81	1	1	1	3	1	2
81	1	1	1	3	2	26
81	1	1	1	3	3	27
81	1	0	1	3	3	46
81	1	1	1	3	3	29
81	1	1	1	3	3	28
81	1	1	1	3	2	4
81	1	1	1	3	2	3
81	1	1	1	3	8	62
81	1	1	1	3	15	15
81	1	0	1	3	10	72
81	1	1	1	3	17	17
81	0	1	1	3	1	70
81	1	1	1	3	8	8
81	1	1	1	3	5	35
81	0	0	1	3	2	7
81	0	0	1	3	2	21
81	1	1	1	3	3	53
82	1	1	1	3	3	53
82	0	0	1	3	2	21
82	1	1	1	3	2	7
82	1	1	1	3	5	35
82	1	1	1	3	8	8
82	1	0	1	3	2	42
82	0	1	1	3	1	70
82	1	1	1	3	17	17
82	1	0	1	3	10	72
82	1	1	1	3	15	15
82	1	1	1	3	8	62
82	1	1	1	3	2	3
82	1	1	1	3	2	4
82	1	1	1	3	3	28
82	1	1	1	3	3	29
82	1	0	1	3	3	46
82	1	1	1	3	3	27
82	1	1	1	3	2	26
82	1	1	1	3	1	2
82	1	1	1	3	1	1
82	1	1	1	3	17	36
82	1	1	1	3	8	44
82	1	1	1	3	3	55
82	1	1	1	3	8	63
82	0	1	1	3	1	66
82	0	1	1	3	1	67
82	0	1	1	3	1	65
83	0	1	1	3	1	65
83	0	1	1	3	1	67
83	0	1	1	3	1	66
83	1	1	1	3	8	63
83	1	1	1	3	3	55
83	1	1	1	3	8	44
83	1	1	1	3	17	36
83	1	1	1	3	2	11
83	1	1	1	3	1	1
83	1	1	1	3	1	2
83	1	1	1	3	3	27
83	1	0	1	3	3	46
83	1	1	1	3	3	29
83	1	1	1	3	3	28
83	1	1	1	3	2	4
83	1	1	1	3	2	3
83	1	1	1	3	8	62
83	1	1	1	3	15	15
83	1	0	1	3	10	72
83	1	1	1	3	17	17
83	0	1	1	3	1	70
83	1	0	1	3	2	26
83	1	1	1	3	8	8
83	1	1	1	3	5	35
83	1	0	1	3	2	7
83	0	0	1	3	2	21
83	1	1	1	3	3	53
84	1	1	1	3	3	53
84	0	0	1	3	2	7
84	1	1	1	3	5	35
84	1	1	1	3	8	8
84	1	0	1	3	2	26
84	1	1	1	3	2	21
84	0	1	1	3	1	70
84	1	1	1	3	17	17
84	1	0	1	3	10	72
84	1	1	1	3	15	15
84	1	1	1	3	8	62
84	1	1	1	3	2	3
84	1	1	1	3	2	4
84	1	0	1	1	29	71
84	1	1	1	3	3	28
84	1	1	1	3	3	29
84	1	0	1	3	3	46
84	1	1	1	3	3	27
84	1	1	1	3	1	2
84	1	1	1	3	29	6
84	1	1	1	3	1	1
84	1	1	1	3	4	34
84	1	1	1	3	17	36
84	1	1	1	3	8	44
84	1	1	1	3	3	55
84	1	1	1	3	8	63
84	0	1	1	3	1	66
84	0	1	1	3	1	67
84	0	1	1	3	1	65
85	0	1	1	3	1	65
85	0	1	1	3	1	67
85	0	1	1	3	1	66
85	1	1	1	3	8	63
85	1	1	1	3	3	55
85	1	0	1	3	8	44
85	1	1	1	3	1	1
85	1	1	1	3	1	2
85	1	1	1	3	3	27
85	1	0	1	3	3	46
85	1	1	1	3	3	29
85	1	1	1	3	3	28
85	1	1	1	3	2	4
85	1	1	1	3	2	3
85	1	1	1	3	8	62
85	1	1	1	3	15	15
85	1	0	1	3	10	72
85	0	1	1	3	1	70
85	1	0	1	3	2	26
85	1	1	1	3	8	8
85	1	1	1	3	5	35
85	0	0	1	3	2	7
85	0	0	1	3	2	21
85	1	1	1	3	3	53
85	1	1	1	3	17	36
85	1	1	1	3	17	17
86	1	1	3	4	2	64
86	1	1	3	4	3	53
86	1	1	1	4	3	53
86	0	0	1	4	2	21
86	0	0	3	4	2	21
86	1	1	1	4	5	35
86	1	1	3	4	5	35
86	1	1	1	4	8	8
86	1	1	3	4	8	8
86	0	0	1	4	2	7
86	0	0	3	4	2	7
86	0	1	1	4	1	70
86	0	1	3	4	1	70
86	1	1	1	4	17	17
86	1	1	3	4	17	17
86	1	1	1	4	2	64
86	1	1	1	4	3	54
86	1	0	1	4	10	72
86	1	0	3	4	10	72
86	1	1	1	4	15	15
86	1	1	3	4	15	15
86	1	1	1	4	8	62
86	1	1	3	4	8	62
86	1	1	1	4	2	3
86	1	1	3	4	2	3
86	1	1	1	4	2	4
86	1	1	3	4	2	4
86	1	0	1	4	29	71
86	1	0	3	4	29	71
86	1	1	3	4	3	54
86	1	1	3	4	17	36
86	1	1	1	4	3	28
86	1	1	3	4	3	28
86	1	1	1	4	3	29
86	1	1	3	4	3	29
86	0	0	1	4	3	46
86	0	0	3	4	3	46
86	1	1	1	4	3	27
86	1	1	3	4	3	27
86	1	1	1	4	1	2
86	1	1	3	4	1	2
86	1	1	1	4	29	6
86	1	1	3	4	29	6
86	1	1	1	4	2	26
86	1	1	3	4	2	26
86	1	0	1	4	27	47
86	1	0	3	4	27	47
86	1	1	1	4	1	1
86	1	1	3	4	1	1
86	1	1	1	4	17	36
86	1	1	1	4	8	44
86	1	1	3	4	8	44
86	1	1	1	4	3	55
86	1	1	3	4	3	55
86	1	1	1	4	8	63
86	1	1	3	4	8	63
86	0	1	1	4	1	66
86	0	1	3	4	1	66
86	0	1	1	4	1	67
86	0	1	3	4	1	67
86	0	1	1	4	1	65
86	1	1	3	4	1	65
88	0	1	1	4	1	65
88	0	1	1	4	1	67
88	0	1	1	4	1	66
88	1	1	1	4	8	63
88	1	1	1	4	3	55
88	1	1	1	4	8	44
88	1	1	1	4	17	36
88	0	0	1	4	4	34
88	1	1	1	4	1	1
88	1	0	1	4	27	47
88	1	1	1	4	1	2
88	1	1	1	4	3	27
88	0	0	1	4	3	46
88	1	1	1	4	3	29
88	1	1	1	4	3	28
88	1	1	1	4	2	4
88	1	1	1	4	2	3
88	1	1	1	4	8	62
88	1	1	1	4	15	15
88	1	0	1	4	10	72
88	1	1	1	4	3	54
88	1	1	1	4	17	17
88	0	1	1	4	1	70
88	0	0	1	4	2	7
88	1	0	1	4	2	26
88	1	1	1	4	8	8
88	1	1	1	4	5	35
88	0	0	1	4	2	21
88	1	1	1	4	3	53
89	1	1	1	4	3	53
89	1	1	3	4	3	53
89	1	0	3	4	2	26
89	0	0	1	4	2	21
89	0	0	3	4	2	21
89	1	1	1	4	5	35
89	1	1	3	4	5	35
89	1	1	1	4	8	8
89	1	1	3	4	8	8
89	1	0	1	4	2	26
89	0	0	1	4	2	7
89	0	0	3	4	2	7
89	0	1	1	4	1	70
89	0	1	3	4	1	70
89	1	1	1	4	17	17
89	1	1	3	4	17	17
89	1	1	1	4	3	54
89	1	0	1	4	10	72
89	1	0	3	4	10	72
89	1	1	1	4	15	15
89	1	1	3	4	15	15
89	1	1	3	4	3	54
89	1	1	3	4	17	36
89	1	1	1	4	8	62
89	1	1	3	4	8	62
89	1	1	1	4	2	3
89	1	1	3	4	2	3
89	1	1	1	4	2	4
89	1	1	3	4	2	4
89	1	1	1	4	3	28
89	1	1	3	4	3	28
89	1	1	1	4	3	29
89	1	1	3	4	3	29
89	0	0	1	4	3	46
89	0	0	3	4	3	46
89	1	1	1	4	3	27
89	1	1	3	4	3	27
89	1	1	1	4	1	2
89	1	1	3	4	1	2
89	0	0	1	4	27	47
89	0	0	3	4	27	47
89	1	1	1	4	1	1
89	1	1	3	4	1	1
89	0	0	1	4	4	34
89	0	0	3	4	4	34
89	1	1	1	4	17	36
89	1	1	1	4	8	44
89	1	1	3	4	8	44
89	1	1	1	4	3	55
89	1	1	3	4	3	55
89	1	1	1	4	8	63
89	1	1	3	4	8	63
89	0	1	1	4	1	66
89	0	1	3	4	1	66
89	0	1	1	4	1	67
89	0	1	3	4	1	67
89	0	1	1	4	1	65
89	1	1	3	4	1	65
93	0	1	6	3	1	65
93	0	1	6	3	1	67
93	0	1	6	3	1	66
93	0	0	6	3	8	63
93	0	0	6	3	3	55
93	0	0	6	3	8	44
93	0	0	6	3	17	36
93	1	1	6	3	1	1
93	1	1	6	3	1	2
93	1	1	6	3	3	27
93	0	0	6	3	3	46
93	1	1	6	3	3	29
93	1	1	6	3	3	28
93	0	0	6	3	2	4
93	1	1	6	3	2	3
93	0	0	6	3	8	62
93	0	0	6	3	15	15
93	0	0	6	3	10	72
93	0	0	6	3	1	70
93	0	0	6	3	8	8
93	0	0	6	3	2	7
93	0	0	6	3	2	21
93	1	1	6	3	3	53
95	1	1	1	3	3	53
95	1	1	1	3	2	7
95	1	1	1	3	5	35
95	1	1	1	3	8	8
95	1	1	1	3	2	21
95	1	0	1	3	2	26
95	0	1	1	3	1	70
95	1	1	1	3	17	17
95	1	0	1	3	10	72
95	1	1	1	3	15	15
95	1	0	1	3	29	71
95	1	1	1	3	8	62
95	1	1	1	3	2	3
95	1	1	1	3	2	4
95	1	1	1	3	3	28
95	1	1	1	3	3	29
95	1	0	1	3	3	46
95	1	1	1	3	3	27
95	1	1	1	3	1	2
95	1	1	1	3	29	6
95	1	0	1	3	27	47
95	1	1	1	3	1	1
95	1	1	1	3	17	36
95	1	1	1	3	4	34
95	1	0	1	3	2	5
95	1	1	1	3	8	44
95	1	1	1	3	3	55
95	1	1	1	3	8	63
95	0	1	1	3	1	66
95	0	1	1	3	1	67
95	0	1	1	3	1	65
96	0	1	1	1	1	65
96	0	1	1	1	1	67
96	0	1	1	1	1	66
96	1	1	1	1	8	63
96	1	1	1	1	3	55
96	1	1	1	1	8	44
96	1	1	1	1	17	36
96	1	1	1	1	1	1
96	1	0	1	1	27	47
96	1	1	1	1	1	2
96	1	1	1	1	3	27
96	1	0	1	1	3	46
96	1	1	1	1	3	29
96	1	1	1	1	3	28
96	1	1	1	1	2	4
96	0	0	1	1	2	7
96	1	1	1	1	2	3
96	1	1	1	1	8	62
96	1	0	1	1	10	72
96	0	0	1	1	2	52
96	0	1	1	1	1	70
96	1	1	1	1	8	8
96	0	0	1	1	2	21
96	1	1	1	1	3	53
96	1	1	1	1	2	26
96	1	1	1	1	21	33
99	1	1	7	1	1	73
99	1	1	7	2	1	73
99	1	1	7	1	2	74
99	1	1	7	2	2	74
99	1	1	7	2	4	75
99	1	1	7	1	8	76
99	1	1	7	2	8	76
99	1	1	7	1	8	8
99	1	1	7	2	8	8
CV	1	0	1	1	3	53
CV	0	0	1	1	2	21
CV	1	1	1	1	5	35
CV	1	1	1	1	8	8
CV	1	0	1	1	2	26
CV	0	1	1	1	1	70
CV	1	1	1	1	8	62
CV	1	1	1	1	2	3
CV	0	0	1	1	2	7
CV	1	1	1	1	2	4
CV	1	1	1	1	3	28
CV	1	1	1	1	3	29
CV	0	0	1	1	3	46
CV	1	1	1	1	3	27
CV	1	1	1	1	1	2
CV	1	1	1	1	1	1
CV	1	1	1	1	17	36
CV	1	0	1	1	8	44
CV	1	0	1	1	3	55
CV	1	1	1	1	8	63
CV	0	1	1	1	1	66
CV	0	1	1	1	1	67
CV	0	1	1	1	1	65
FF	0	1	6	4	1	65
FF	0	1	6	4	1	67
FF	0	1	6	4	1	66
FF	0	0	6	4	8	63
FF	0	0	6	4	3	55
FF	0	0	6	4	8	44
FF	1	1	6	4	1	1
FF	1	1	6	4	1	2
FF	1	1	6	4	3	27
FF	0	0	6	4	3	46
FF	1	1	6	4	3	29
FF	1	1	6	4	3	28
FF	1	1	6	4	2	3
FF	0	0	6	4	2	4
FF	0	0	6	4	8	62
FF	0	1	6	4	1	70
FF	0	0	6	4	10	72
FF	0	0	6	4	15	15
FF	0	0	6	4	2	7
FF	0	0	6	4	2	21
FF	0	0	6	4	17	36
FF	1	1	6	4	3	53
LI	1	1	5	1	3	53
LI	1	1	5	3	3	53
LI	1	0	5	1	2	26
LI	1	0	5	3	2	26
LI	1	1	5	1	17	36
LI	1	1	5	3	17	36
LI	0	0	5	1	2	21
LI	0	0	5	3	2	21
LI	1	1	5	1	5	35
LI	1	1	5	3	5	35
LI	1	1	5	3	2	7
LI	1	1	5	1	8	8
LI	1	1	5	3	8	8
LI	1	1	5	3	15	15
LI	0	1	5	1	1	70
LI	0	1	5	3	1	70
LI	1	1	5	1	25	68
LI	1	1	5	3	25	68
LI	1	1	5	1	8	62
LI	1	1	5	3	8	62
LI	1	1	5	1	2	3
LI	1	1	5	3	2	3
LI	1	1	5	1	2	7
LI	1	1	5	1	2	4
LI	1	1	5	3	2	4
LI	1	1	5	1	3	28
LI	1	1	5	3	3	28
LI	1	1	5	1	3	29
LI	1	1	5	3	3	29
LI	1	0	5	1	3	46
LI	1	0	5	3	3	46
LI	1	1	5	1	3	27
LI	1	1	5	3	3	27
LI	1	1	5	1	1	2
LI	1	1	5	3	1	2
LI	1	1	5	1	1	1
LI	1	1	5	3	1	1
LI	1	1	5	1	8	44
LI	1	1	5	3	8	44
LI	1	1	5	1	3	55
LI	1	1	5	3	3	55
LI	1	1	5	1	8	63
LI	1	1	5	3	8	63
LI	0	1	5	1	1	66
LI	0	1	5	3	1	66
LI	0	1	5	1	1	67
LI	0	1	5	3	1	67
LI	0	1	5	1	1	65
LI	0	1	5	3	1	65
LT	0	1	6	4	1	65
LT	0	1	6	4	1	67
LT	0	1	6	4	1	66
LT	0	0	6	4	8	63
LT	0	0	6	4	3	55
LT	0	0	6	4	8	44
LT	0	1	6	4	1	1
LT	0	1	6	4	1	2
LT	0	0	6	4	3	27
LT	0	0	6	4	3	46
LT	0	0	6	4	3	29
LT	0	0	6	4	3	28
LT	0	0	6	4	2	4
LT	0	0	6	4	2	3
LT	0	0	6	4	8	62
LT	1	1	6	4	1	70
LT	0	0	6	4	15	15
LT	0	0	6	4	2	7
LT	0	0	6	4	2	21
LT	0	0	6	4	3	53
LT	0	0	6	4	17	36
OP	1	1	5	3	3	53
OP	1	1	5	3	17	36
OP	0	0	5	3	2	21
OP	1	1	5	3	2	7
OP	1	1	5	3	5	35
OP	1	1	5	3	8	8
OP	1	1	5	3	15	15
OP	0	1	5	3	1	70
OP	1	1	5	3	25	68
OP	1	1	5	3	8	62
OP	1	1	5	3	2	3
OP	1	1	5	3	2	4
OP	1	1	5	3	3	28
OP	1	1	5	3	3	29
OP	1	0	5	3	3	46
OP	1	1	5	3	3	27
OP	1	1	5	3	1	2
OP	1	1	5	3	1	1
OP	1	1	5	3	8	44
OP	1	1	5	3	3	55
OP	1	1	5	3	8	63
OP	0	1	5	3	1	66
OP	0	1	5	3	1	67
OP	0	1	5	3	1	65
SB	0	1	5	1	1	65
SB	0	1	5	3	1	65
SB	0	1	5	1	1	67
SB	0	1	5	3	1	67
SB	0	1	5	1	1	66
SB	0	1	5	3	1	66
SB	1	1	5	1	8	63
SB	1	1	5	3	8	63
SB	1	1	5	1	3	55
SB	1	1	5	3	3	55
SB	1	1	5	1	8	44
SB	1	1	5	3	8	44
SB	1	1	5	1	1	1
SB	1	1	5	3	1	1
SB	1	1	5	1	1	2
SB	1	1	5	3	1	2
SB	1	1	5	1	3	27
SB	1	1	5	3	3	27
SB	1	0	5	1	3	46
SB	1	0	5	3	3	46
SB	1	1	5	1	3	29
SB	1	1	5	3	3	29
SB	1	1	5	1	3	28
SB	1	1	5	3	3	28
SB	1	1	5	1	2	4
SB	1	1	5	3	2	4
SB	1	1	5	1	2	7
SB	1	1	5	1	2	3
SB	1	1	5	3	2	3
SB	1	1	5	1	8	62
SB	1	1	5	3	8	62
SB	1	1	5	1	25	68
SB	1	1	5	3	25	68
SB	0	1	5	1	1	70
SB	0	1	5	3	1	70
SB	1	1	5	3	15	15
SB	1	1	5	1	8	8
SB	1	1	5	3	8	8
SB	1	1	5	1	5	35
SB	1	1	5	3	5	35
SB	1	1	5	3	2	7
SB	0	0	5	1	2	21
SB	0	0	5	3	2	21
SB	1	1	5	1	17	36
SB	1	1	5	3	17	36
SB	1	1	5	1	3	53
SB	1	1	5	3	3	53
SL	1	1	5	1	3	53
SL	1	1	5	3	3	53
SL	1	1	5	1	17	36
SL	1	1	5	3	17	36
SL	0	0	5	1	2	21
SL	0	0	5	3	2	21
SL	1	1	5	3	2	7
SL	1	1	5	1	5	35
SL	1	1	5	3	5	35
SL	1	1	5	1	8	8
SL	1	1	5	3	8	8
SL	1	1	5	3	15	15
SL	0	1	5	1	1	70
SL	0	1	5	3	1	70
SL	1	1	5	1	25	68
SL	1	1	5	3	25	68
SL	1	1	5	1	8	62
SL	1	1	5	3	8	62
SL	1	1	5	1	2	3
SL	1	1	5	3	2	3
SL	1	1	5	1	2	7
SL	1	1	5	1	2	4
SL	1	1	5	3	2	4
SL	1	1	5	1	3	28
SL	1	1	5	3	3	28
SL	1	1	5	1	3	29
SL	1	1	5	3	3	29
SL	1	0	5	1	3	46
SL	1	0	5	3	3	46
SL	1	1	5	1	3	27
SL	1	1	5	3	3	27
SL	1	1	5	1	1	2
SL	1	1	5	3	1	2
SL	1	1	5	1	1	1
SL	1	1	5	3	1	1
SL	1	1	5	1	8	44
SL	1	1	5	3	8	44
SL	1	1	5	1	3	55
SL	1	1	5	3	3	55
SL	1	1	5	1	8	63
SL	1	1	5	3	8	63
SL	0	1	5	1	1	66
SL	0	1	5	3	1	66
SL	0	1	5	1	1	67
SL	0	1	5	3	1	67
SL	0	1	5	1	1	65
SL	0	1	5	3	1	65
VH	0	1	6	4	1	65
VH	0	1	6	4	1	67
VH	0	1	6	4	1	66
VH	0	0	6	4	8	63
VH	0	0	6	4	3	55
VH	0	0	6	4	8	44
VH	1	1	6	4	1	1
VH	1	1	6	4	1	2
VH	1	1	6	4	3	27
VH	0	0	6	4	3	46
VH	1	1	6	4	3	29
VH	1	1	6	4	3	28
VH	1	1	6	4	2	3
VH	0	0	6	4	2	4
VH	0	0	6	4	8	62
VH	0	1	6	4	1	70
VH	0	0	6	4	15	15
VH	0	0	6	4	10	72
VH	0	0	6	4	2	7
VH	0	0	6	4	2	21
VH	1	1	6	4	3	53
VH	0	0	6	4	17	36